#section    x     y    z
1   45.7947253178   45.7947253178   134.179703129
2   45.6368817768   45.6368817768   134.206407943
3   45.7033761384   45.7033761384   134.617915382
4   46.4515777   46.4515777   130.507370917
5   45.6215947165   45.6215947165   135.480389385
6   46.1000262795   46.1000262795   132.683923399
7   45.2080817975   45.2080817975   138.073889654
8   45.1037513568   45.1037513568   138.201644862
9   45.0517938566   45.0517938566   139.224877118
10   45.5621715642   45.5621715642   134.865982367
11   45.6439363169   45.6439363169   135.472311252
12   44.9373407297   44.9373407297   139.839334232
13   45.4706808118   45.4706808118   136.374277515
14   44.8587826129   44.8587826129   139.622903732
15   45.5012359934   45.5012359934   135.93572035
16   45.5371965367   45.5371965367   135.71226336
17   45.9884924569   45.9884924569   133.494571297
18   46.6035248025   46.6035248025   130.080134681
19   45.6829238813   45.6829238813   134.909764017
20   45.4179966843   45.4179966843   136.081099603
21   44.9478301798   44.9478301798   139.775707219
22   45.0745434136   45.0745434136   139.126200207
23   44.7067161466   44.7067161466   140.811506742
24   44.579765132   44.579765132   141.924390963
25   45.6658862139   45.6658862139   135.541987969
26   46.50336597   46.50336597   130.474207983
27   45.5198971457   45.5198971457   135.937376346
28   45.8171039841   45.8171039841   134.169335515
29   45.5650334798   45.5650334798   135.680133633
30   44.4836380812   44.4836380812   142.602216541
31   46.0105548767   46.0105548767   132.634408869
32   44.8273767766   44.8273767766   139.48174117
33   46.0223541775   46.0223541775   132.930561777
34   46.0932495424   46.0932495424   133.03631195
35   45.6684525477   45.6684525477   135.148978142
36   45.8658304624   45.8658304624   133.692664441
37   45.6130043382   45.6130043382   135.379553199
38   45.9436863386   45.9436863386   133.778671821
39   46.0311674418   46.0311674418   132.392078965
40   45.4267407656   45.4267407656   136.220261439
41   46.3906768456   46.3906768456   130.625050018
42   46.2773077808   46.2773077808   131.393861422
43   45.7302889978   45.7302889978   135.22642666
44   45.7404175518   45.7404175518   134.971129074
45   46.4820292602   46.4820292602   129.372834355
46   47.2026532413   47.2026532413   126.496814265
47   46.0817169202   46.0817169202   132.569968377
48   45.7957985712   45.7957985712   134.949665518
49   45.8819926886   45.8819926886   134.36788681
50   45.9868362071   45.9868362071   133.036416975
51   46.4672433224   46.4672433224   131.403643658
52   45.3501187447   45.3501187447   136.16870306
53   45.9482052947   45.9482052947   132.305372573
54   45.54240582   45.54240582   135.411848306
55   46.078249159   46.078249159   132.518714284
56   45.7804872154   45.7804872154   134.762668666
57   45.5654034027   45.5654034027   135.143906136
58   45.7235712082   45.7235712082   135.294489191
59   46.2578366336   46.2578366336   131.276743411
60   45.3720077944   45.3720077944   137.09077768
61   45.5138158397   45.5138158397   136.242774384
62   45.2471279641   45.2471279641   137.078123021
63   46.0652595125   46.0652595125   132.334676074
64   45.3623863488   45.3623863488   137.138604513
65   45.6228688967   45.6228688967   134.732829244
66   44.8879103653   44.8879103653   139.760406946
67   44.9459826434   44.9459826434   139.356958305
68   45.6706914152   45.6706914152   135.387038388
69   45.3224865985   45.3224865985   136.891012759
70   44.8985150612   44.8985150612   139.626951806
71   45.5843190542   45.5843190542   134.955908175
72   46.4006050965   46.4006050965   130.368389982
73   46.0791314103   46.0791314103   132.427347838
74   46.6097544201   46.6097544201   129.409758396
75   45.8679710368   45.8679710368   134.039223703
76   45.6686261642   45.6686261642   135.452676998
77   45.3706757234   45.3706757234   137.67710187
78   45.444494474   45.444494474   137.017078107
79   45.1851912408   45.1851912408   137.536032194
80   46.0207737817   46.0207737817   132.784975526
81   46.2863819   46.2863819   131.065195686
82   46.6175812054   46.6175812054   129.466247824
83   45.7045869688   45.7045869688   134.162621765
84   46.1039353202   46.1039353202   132.1895391
85   46.3399098079   46.3399098079   130.43270054
86   45.8060620985   45.8060620985   134.086308822
87   44.9153535197   44.9153535197   139.636347278
88   44.7334481141   44.7334481141   141.020069052
89   45.9722215481   45.9722215481   133.109435535
90   45.0742825413   45.0742825413   139.24376296
91   45.2977606409   45.2977606409   137.527517338
92   45.7462086187   45.7462086187   133.854504917
93   45.2162275279   45.2162275279   137.809445002
94   44.9991790246   44.9991790246   139.344552193
95   45.5653480259   45.5653480259   135.833867664
96   43.9875084789   43.9875084789   145.447071614
97   45.7741858762   45.7741858762   134.851201861
98   45.09657613   45.09657613   138.558807324
99   45.6506133653   45.6506133653   134.824308545
100   45.1673269686   45.1673269686   138.711958633
101   45.7626935547   45.7626935547   134.631205265
102   44.964199203   44.964199203   139.220328086
103   46.1598214738   46.1598214738   132.17372817
104   46.4656083161   46.4656083161   130.661880403
105   44.8738414625   44.8738414625   140.247832308
106   45.0894320358   45.0894320358   138.839665694
107   45.2093277088   45.2093277088   137.096749613
108   45.8685887609   45.8685887609   133.43407762
109   46.283232392   46.283232392   131.664802501
110   46.1666296804   46.1666296804   131.594914999
111   45.7419597797   45.7419597797   134.353652177
112   45.2625622852   45.2625622852   137.0876107
113   44.9288072214   44.9288072214   139.046326752
114   44.6550097712   44.6550097712   141.361403354
115   45.056590099   45.056590099   138.036325759
116   45.5646568626   45.5646568626   135.765098663
117   44.8543155973   44.8543155973   140.461483605
118   46.2351500189   46.2351500189   132.592978965
119   45.561081788   45.561081788   135.301981225
120   45.4434103307   45.4434103307   136.365940642
121   45.6788588154   45.6788588154   135.303822747
122   46.2870179091   46.2870179091   130.94513613
123   46.9881059661   46.9881059661   127.945487197
124   45.7945419074   45.7945419074   133.522169746
125   45.5654683784   45.5654683784   135.499135039
126   45.5590548398   45.5590548398   136.066851396
127   45.0867523254   45.0867523254   138.187500732
128   45.5898358118   45.5898358118   135.439891753
129   46.1036695797   46.1036695797   132.024205379
130   46.0448204777   46.0448204777   133.111939041
131   46.445770249   46.445770249   130.272590806
132   45.9383083813   45.9383083813   133.580394578
133   45.5655222649   45.5655222649   135.463855311
134   44.9132816174   44.9132816174   139.372107999
135   44.8587954085   44.8587954085   139.169810015
136   45.1760377019   45.1760377019   138.35140823
137   45.2161874147   45.2161874147   138.328145115
138   45.4380514617   45.4380514617   136.045128142
139   45.4631120916   45.4631120916   136.025062583
140   46.2902998575   46.2902998575   131.544223006
141   46.5391591245   46.5391591245   129.718401303
142   47.0136828613   47.0136828613   126.964592936
143   46.6988952911   46.6988952911   129.412731701
144   46.4011543909   46.4011543909   130.616970807
145   44.5708315675   44.5708315675   141.80282833
146   44.7834899483   44.7834899483   140.455507294
147   45.2799212566   45.2799212566   137.795702199
148   45.0722681769   45.0722681769   137.742551599
149   44.9878221098   44.9878221098   138.664971451
150   45.8051985362   45.8051985362   134.294727746
151   45.7977287143   45.7977287143   134.52490162
152   45.533606431   45.533606431   135.782667119
153   45.7986384513   45.7986384513   134.540733575
154   45.5514955245   45.5514955245   136.038936238
155   47.1114598173   47.1114598173   126.785862274
156   46.381514014   46.381514014   131.528743399
157   45.7689356333   45.7689356333   134.337050867
158   45.1166224229   45.1166224229   138.022074237
159   44.9166744498   44.9166744498   139.342520674
160   45.608691532   45.608691532   135.243411679
161   45.830054729   45.830054729   133.930272829
162   45.8944697332   45.8944697332   133.946931149
163   46.1911197098   46.1911197098   131.755907671
164   46.4940585812   46.4940585812   130.002115872
165   46.5698252436   46.5698252436   129.267604245
166   45.7905291063   45.7905291063   134.233941487
167   46.8557360365   46.8557360365   128.200861516
168   46.8218272242   46.8218272242   128.615607744
169   45.6583775631   45.6583775631   134.858463869
170   45.3153686493   45.3153686493   136.459126642
171   45.6203821759   45.6203821759   134.985093091
172   46.3516934345   46.3516934345   130.976565144
173   46.3345965514   46.3345965514   131.241287142
174   46.4192284913   46.4192284913   131.543083673
175   46.604339611   46.604339611   130.093375856
176   46.4714384213   46.4714384213   130.314241282
177   45.8210870198   45.8210870198   134.075373457
178   45.9785179297   45.9785179297   133.004938039
179   45.7705470134   45.7705470134   134.478371434
180   45.3881328122   45.3881328122   136.965231307
181   44.9626417991   44.9626417991   139.925967908
182   45.1485195215   45.1485195215   138.694399473
183   45.326616208   45.326616208   137.875224381
184   44.889599063   44.889599063   139.795374194
185   46.1579551928   46.1579551928   132.608480779
186   45.7929873531   45.7929873531   134.169735479
187   46.4195799532   46.4195799532   130.711574445
188   46.1558304962   46.1558304962   131.995082767
189   46.3073893738   46.3073893738   131.412471711
190   47.1761283985   47.1761283985   125.806651035
191   46.001212191   46.001212191   133.017667738
192   46.0333481536   46.0333481536   132.09009263
193   45.2195119476   45.2195119476   137.429244869
194   45.5979784425   45.5979784425   135.396200707
195   45.1907440864   45.1907440864   137.601747225
196   45.1662453527   45.1662453527   137.223605858
197   45.6735522372   45.6735522372   135.342898779
198   45.3064213304   45.3064213304   137.240140736
199   45.2353075365   45.2353075365   137.113329649
200   45.7461184839   45.7461184839   133.416550632
201   46.95415648   46.95415648   128.347597573
202   46.6407323229   46.6407323229   129.520540917
203   46.6047011719   46.6047011719   129.938533029
204   46.0366596772   46.0366596772   133.275450222
205   46.202058108   46.202058108   131.54876576
206   46.2706544851   46.2706544851   131.843148972
207   45.9921471591   45.9921471591   132.699643397
208   45.9918118063   45.9918118063   132.772649262
209   46.0211894173   46.0211894173   132.75772966
210   45.9264804051   45.9264804051   133.202223232
211   44.8402413105   44.8402413105   140.37570926
212   44.7165049764   44.7165049764   141.249982319
213   45.6031444297   45.6031444297   135.207465683
214   45.3155758902   45.3155758902   136.439177397
215   45.8971338318   45.8971338318   133.14852392
216   45.5393876771   45.5393876771   135.549132231
217   45.250404831   45.250404831   137.770888782
218   44.7008887653   44.7008887653   140.6732277
219   45.182967347   45.182967347   137.847070664
220   45.2949053435   45.2949053435   137.619165612
221   45.9109550608   45.9109550608   133.521444046
222   46.0419528802   46.0419528802   132.965237151
223   45.0367694585   45.0367694585   138.695470713
224   45.4076848587   45.4076848587   135.794171209
225   45.1149363933   45.1149363933   138.05205118
226   44.9316078927   44.9316078927   139.862597001
227   44.3222191454   44.3222191454   142.985389959
228   44.8813720383   44.8813720383   140.149619996
229   45.4975063406   45.4975063406   136.354997479
230   45.622628947   45.622628947   134.52788083
231   45.9578792404   45.9578792404   133.179830008
232   45.6984967375   45.6984967375   134.833802982
233   46.6251720497   46.6251720497   129.800921405
234   46.3571789826   46.3571789826   131.49131511
235   46.5980981475   46.5980981475   129.542245272
236   46.0034344249   46.0034344249   133.384465003
237   46.1286149037   46.1286149037   133.20231604
238   45.4320277875   45.4320277875   136.508692093
239   45.5232343694   45.5232343694   136.454831768
240   44.1680545912   44.1680545912   145.173452285
241   45.3952151276   45.3952151276   136.288782811
242   44.1367544203   44.1367544203   143.918968473
243   45.4195768705   45.4195768705   136.24505754
244   45.0343321203   45.0343321203   139.193250662
245   46.0541649334   46.0541649334   133.145081149
246   45.3307607294   45.3307607294   136.583910319
247   44.4831710706   44.4831710706   142.885086295
248   45.3038680522   45.3038680522   136.730663415
249   46.64736374   46.64736374   129.861218988
250   45.9633558645   45.9633558645   133.17081989
251   46.1286437357   46.1286437357   131.951266971
252   45.8207528283   45.8207528283   134.085431641
253   45.6762545458   45.6762545458   134.429609105
254   46.336792524   46.336792524   131.277308723
255   46.1674247365   46.1674247365   131.727505438
256   46.6614508867   46.6614508867   129.162735861
257   45.5906555214   45.5906555214   135.121194266
258   46.3313950893   46.3313950893   131.128647308
259   46.4850461053   46.4850461053   130.584559169
260   45.5472548019   45.5472548019   136.214547709
261   44.7794112649   44.7794112649   140.432155444
262   46.1492540488   46.1492540488   132.301633777
263   45.691988091   45.691988091   134.827347823
264   47.2608930004   47.2608930004   126.61846091
265   46.6774885581   46.6774885581   129.357565465
266   46.3403309316   46.3403309316   131.095694853
267   45.6103052232   45.6103052232   134.912460392
268   46.5252363948   46.5252363948   130.148204481
269   46.1090518786   46.1090518786   132.849486786
270   46.3267393722   46.3267393722   131.763595123
271   46.3634986858   46.3634986858   131.13330419
272   45.2342380875   45.2342380875   136.240506641
273   45.8047758157   45.8047758157   133.818691912
274   46.1883748482   46.1883748482   131.871847587
275   47.547420166   47.547420166   124.591949377
276   46.3735461142   46.3735461142   131.412779054
277   46.4628474649   46.4628474649   129.949238495
278   45.3207609038   45.3207609038   137.1098911
279   45.4367841691   45.4367841691   136.719942952
280   46.2080540815   46.2080540815   131.528212713
281   46.404092703   46.404092703   130.661045373
282   46.1121519017   46.1121519017   132.875234766
283   46.7309837999   46.7309837999   128.800957875
284   46.3109120961   46.3109120961   131.236078466
285   46.3221314973   46.3221314973   130.922971167
286   45.5285682522   45.5285682522   135.343274636
287   45.4692088509   45.4692088509   136.15132707
288   45.350250589   45.350250589   136.451078989
289   45.0972663262   45.0972663262   138.640752245
290   45.709441367   45.709441367   134.186895626
291   45.8989081091   45.8989081091   134.031803514
292   46.3464169731   46.3464169731   132.375685167
293   45.4188251529   45.4188251529   136.595557824
294   45.4502621336   45.4502621336   136.135461243
295   44.5173393653   44.5173393653   142.138647506
296   45.1370090045   45.1370090045   138.181714387
297   45.1366784844   45.1366784844   139.007319402
298   45.8320217788   45.8320217788   134.131832803
299   45.6166881694   45.6166881694   135.836667617
300   46.5270309836   46.5270309836   129.858626068
301   45.8763262835   45.8763262835   133.103341229
302   45.3534319303   45.3534319303   136.732864769
303   45.7520872353   45.7520872353   134.631399448
304   45.4439800189   45.4439800189   136.752142792
305   45.1267538111   45.1267538111   137.877327903
306   46.2262448104   46.2262448104   131.829086243
307   45.524295196   45.524295196   135.554652271
308   45.9447319344   45.9447319344   133.469710635
309   46.076889591   46.076889591   132.861586445
310   46.5683235702   46.5683235702   129.795583018
311   46.0060366041   46.0060366041   133.452819137
312   46.5038472989   46.5038472989   130.00869321
313   45.5651041867   45.5651041867   136.229423538
314   44.8139096059   44.8139096059   139.980762135
315   45.6031625467   45.6031625467   135.293269681
316   46.8411675507   46.8411675507   128.66690691
317   46.0558327566   46.0558327566   132.934362618
318   46.3450312446   46.3450312446   131.133402337
319   46.3907799105   46.3907799105   130.520901115
320   46.0717814612   46.0717814612   132.369454521
321   45.6132097876   45.6132097876   134.740055863
322   46.4042221392   46.4042221392   130.416996598
323   46.7123582859   46.7123582859   129.37585496
324   45.8143245145   45.8143245145   133.96987746
325   46.0392907269   46.0392907269   132.653203912
326   46.0900535059   46.0900535059   132.9437188
327   44.9206256762   44.9206256762   138.605052517
328   44.8976596112   44.8976596112   138.997825749
329   45.6943494198   45.6943494198   135.369011951
330   46.0106389309   46.0106389309   132.767025073
331   45.9308553896   45.9308553896   133.714639523
332   45.9194036184   45.9194036184   133.685469402
333   45.8243221496   45.8243221496   134.170728479
334   45.8530051931   45.8530051931   133.908610215
335   45.7547154224   45.7547154224   134.308883533
336   45.7011697547   45.7011697547   134.671967992
337   45.4761702228   45.4761702228   135.558448824
338   45.2561109031   45.2561109031   137.651899799
339   44.6363897142   44.6363897142   141.101150278
340   45.7657247201   45.7657247201   135.502371992
341   44.913999477   44.913999477   138.833249414
342   46.1577301291   46.1577301291   131.978300817
343   46.963530902   46.963530902   128.329623257
344   46.2716603143   46.2716603143   131.508965043
345   46.0008441582   46.0008441582   132.997106228
346   47.63099432   47.63099432   124.780024811
347   46.1955759008   46.1955759008   131.865994887
348   47.1696978073   47.1696978073   126.888880752
349   46.3682701258   46.3682701258   131.056126936
350   46.435407859   46.435407859   130.744680832
351   44.9639981752   44.9639981752   139.414996722
352   45.5355541813   45.5355541813   136.162976181
353   45.754947215   45.754947215   134.577835421
354   46.3278969411   46.3278969411   130.721079414
355   46.6427586858   46.6427586858   129.785332655
356   45.7192018193   45.7192018193   135.376868353
357   45.9766525274   45.9766525274   133.213552189
358   46.2262681753   46.2262681753   131.742330311
359   45.4520920131   45.4520920131   136.033060412
360   45.0830560955   45.0830560955   138.420327645
361   45.5391592566   45.5391592566   136.329230374
362   44.9263928433   44.9263928433   139.440648139
363   45.3050099319   45.3050099319   137.420525363
364   45.1742078071   45.1742078071   137.810039576
365   45.1189823382   45.1189823382   139.071193255
366   45.389899379   45.389899379   136.834204414
367   45.3672550117   45.3672550117   136.447604541
368   46.1128371458   46.1128371458   133.106593239
369   45.7852483613   45.7852483613   134.263538774
370   46.2033577792   46.2033577792   131.558627977
371   46.3285782933   46.3285782933   131.206490337
372   46.0845466873   46.0845466873   132.955186614
373   45.1539171707   45.1539171707   137.738626768
374   45.7310964427   45.7310964427   134.13830913
375   45.4003170221   45.4003170221   135.695453018
376   45.9557975604   45.9557975604   132.819304744
377   44.8080049387   44.8080049387   139.940790273
378   45.3163261894   45.3163261894   136.77861914
379   45.198783175   45.198783175   138.113768802
380   45.087738224   45.087738224   137.823938164
381   45.2418503341   45.2418503341   137.892800078
382   45.7155295721   45.7155295721   135.433218091
383   45.5510277662   45.5510277662   135.541055679
384   46.1724168378   46.1724168378   131.854891118
385   45.0711473265   45.0711473265   138.8389324
386   45.1456080813   45.1456080813   137.982335366
387   45.1549149924   45.1549149924   138.02833662
388   45.1197378498   45.1197378498   137.976003224
389   45.7646469842   45.7646469842   134.690348252
390   45.3873100492   45.3873100492   136.41120272
391   44.8780090949   44.8780090949   140.377876449
392   45.2817271134   45.2817271134   137.852869788
393   45.6217780098   45.6217780098   135.364869438
394   46.0816420105   46.0816420105   132.26267405
395   46.4096370862   46.4096370862   130.965567774
396   45.8970374533   45.8970374533   133.623119684
397   46.1773653476   46.1773653476   132.226584422
398   46.0739636889   46.0739636889   132.629797083
399   45.2458048493   45.2458048493   137.776266893
400   45.1919892926   45.1919892926   137.29489708
401   45.4892055528   45.4892055528   135.119889477
402   45.6850608572   45.6850608572   134.762218244
403   46.0579277957   46.0579277957   133.059494449
404   46.5084680059   46.5084680059   130.103843072
405   46.2458127776   46.2458127776   131.612520089
406   45.4142203511   45.4142203511   136.481010588
407   45.6412784427   45.6412784427   135.146110614
408   46.2299275092   46.2299275092   131.256911518
409   46.101849879   46.101849879   132.322457646
410   44.9665144293   44.9665144293   138.987527245
411   46.065495107   46.065495107   133.117245809
412   46.1524358292   46.1524358292   132.460943751
413   45.6309065728   45.6309065728   134.61339567
414   45.7074872857   45.7074872857   135.03458383
415   45.6090912303   45.6090912303   134.907511701
416   45.6046098663   45.6046098663   135.274755431
417   45.9829130456   45.9829130456   133.110001596
418   45.4260612621   45.4260612621   136.404950928
419   46.4605534664   46.4605534664   130.4858924
420   45.6325831694   45.6325831694   136.163761385
421   45.3824717575   45.3824717575   136.048683878
422   45.6503445055   45.6503445055   135.352690331
423   44.9488054205   44.9488054205   139.52939949
424   44.5590368024   44.5590368024   142.20320713
425   45.057132207   45.057132207   138.447354338
426   45.4551790984   45.4551790984   136.693413617
427   45.5189386334   45.5189386334   135.829339607
428   45.5282390475   45.5282390475   134.475375143
429   45.527733863   45.527733863   135.636007365
430   46.355539887   46.355539887   130.98684062
431   46.6963272162   46.6963272162   129.884285176
432   45.677140949   45.677140949   134.756841575
433   45.2282909855   45.2282909855   137.624756417
434   44.7463743959   44.7463743959   140.882690504
435   44.8653722806   44.8653722806   140.025851577
436   45.664673624   45.664673624   135.138212509
437   46.1703645728   46.1703645728   132.322873867
438   45.8364528545   45.8364528545   133.744736233
439   46.169656505   46.169656505   131.934054463
440   45.2386123205   45.2386123205   137.908997414
441   45.0668787395   45.0668787395   138.501549928
442   45.4655246789   45.4655246789   136.068345216
443   44.4130429363   44.4130429363   143.069878955
444   44.9886478147   44.9886478147   138.793752752
445   44.9045695296   44.9045695296   139.419567424
446   45.4653028766   45.4653028766   135.690824864
447   45.550853716   45.550853716   135.313684805
448   43.8517328816   43.8517328816   145.88648572
449   44.7264472283   44.7264472283   140.503647824
450   44.8367012081   44.8367012081   140.140000659
451   44.3927072083   44.3927072083   142.015411452
452   43.8628399097   43.8628399097   146.113562755
453   43.8683675365   43.8683675365   145.955698265
454   44.0091596313   44.0091596313   144.528143383
455   45.4034108929   45.4034108929   136.372716466
456   44.6436316643   44.6436316643   141.423201376
457   45.5377806004   45.5377806004   135.784828914
458   44.1503037226   44.1503037226   144.544699629
459   44.4325185525   44.4325185525   143.398097472
460   44.491450851   44.491450851   141.821677221
461   45.007049478   45.007049478   139.005440328
462   45.5110012395   45.5110012395   136.22249307
463   44.1204516524   44.1204516524   145.012727131
464   44.4550208759   44.4550208759   142.21029147
465   44.7166117802   44.7166117802   140.972976979
466   45.0219157427   45.0219157427   138.533199545
467   44.7044815064   44.7044815064   141.081419276
468   44.7340205077   44.7340205077   140.363987195
469   45.0719888397   45.0719888397   138.295648535
470   44.5856734869   44.5856734869   141.613223251
471   45.6927304285   45.6927304285   134.955254872
472   45.446342332   45.446342332   136.553010992
473   44.9075549723   44.9075549723   139.811097677
474   45.3548182256   45.3548182256   136.840429013
475   46.3154028534   46.3154028534   131.155912741
476   45.5949660364   45.5949660364   136.459226404
477   45.0131278686   45.0131278686   138.777907581
478   45.9363016766   45.9363016766   133.059411811
479   44.4559681228   44.4559681228   142.338658711
480   45.1682897152   45.1682897152   138.243789209
481   45.3884758396   45.3884758396   137.268916669
482   45.3512874248   45.3512874248   137.610011286
483   45.1716817082   45.1716817082   137.613913891
484   45.3496054318   45.3496054318   137.135933713
485   46.0735944407   46.0735944407   133.246537116
486   44.4983176826   44.4983176826   141.78052242
487   45.4170660939   45.4170660939   136.28249792
488   45.6037582991   45.6037582991   134.999951665
489   45.824233996   45.824233996   134.012815064
490   45.224981036   45.224981036   137.457148954
491   44.9454160343   44.9454160343   139.388342327
492   45.2183764265   45.2183764265   137.960244474
493   44.7232960741   44.7232960741   140.585077106
494   44.96397698   44.96397698   139.221119359
495   45.5057486721   45.5057486721   136.068430805
496   44.7943748356   44.7943748356   140.142292147
497   44.8761460055   44.8761460055   139.195895453
498   44.2473545481   44.2473545481   144.078554659
499   44.8292180501   44.8292180501   139.411907263
500   45.854230557   45.854230557   133.468367467
501   45.5428237449   45.5428237449   136.442127238
502   44.7721270517   44.7721270517   140.157977712
503   44.7354100019   44.7354100019   140.307092194
504   44.9643866993   44.9643866993   139.277591926
505   45.3000656838   45.3000656838   137.389400934
506   45.1925997274   45.1925997274   137.446424808
507   45.2125720368   45.2125720368   137.098675562
508   46.6219121431   46.6219121431   128.612339608
509   45.6364747145   45.6364747145   134.839213053
510   45.0419139154   45.0419139154   138.631367064
511   46.0620287724   46.0620287724   132.365912758
512   46.2108245488   46.2108245488   131.36050007
513   46.5522347666   46.5522347666   129.997343897
514   46.5505334037   46.5505334037   130.192629371
515   46.725906621   46.725906621   128.573367677
516   46.8443384239   46.8443384239   128.872003071
517   45.6235200183   45.6235200183   135.15218175
518   45.1157988531   45.1157988531   138.625249379
519   44.5565109427   44.5565109427   141.959398362
520   45.6578711557   45.6578711557   135.675690982
521   46.2342922912   46.2342922912   131.383072538
522   46.0384260553   46.0384260553   132.883963985
523   46.0011463971   46.0011463971   133.231641139
524   45.5294200723   45.5294200723   136.159733849
525   46.0464381386   46.0464381386   132.810290928
526   45.111007354   45.111007354   138.438291572
527   45.8067685879   45.8067685879   134.33873245
528   45.9992767847   45.9992767847   133.317039791
529   46.1209657552   46.1209657552   132.232033419
530   46.1543133888   46.1543133888   132.257203119
531   46.3234152538   46.3234152538   131.256761271
532   45.6224293594   45.6224293594   135.362731174
533   45.2399422059   45.2399422059   137.537993691
534   45.1194337542   45.1194337542   137.978366444
535   44.5469366937   44.5469366937   141.835464612
536   45.4571029619   45.4571029619   136.486867333
537   45.3288108582   45.3288108582   137.431190077
538   45.2831019458   45.2831019458   136.918898995
539   45.2063101037   45.2063101037   137.462092112
540   45.1353593883   45.1353593883   138.250546397
541   44.4765839196   44.4765839196   142.399167109
542   44.4558906514   44.4558906514   143.154697542
543   44.2604045204   44.2604045204   143.624110622
544   44.9863721363   44.9863721363   139.320392837
545   45.1723845315   45.1723845315   137.497975713
546   45.0603488348   45.0603488348   139.008493467
547   45.368903649   45.368903649   137.187441154
548   45.1139057532   45.1139057532   138.585011132
549   44.3531001005   44.3531001005   143.015297881
550   45.0321139882   45.0321139882   138.662794117
551   44.779310659   44.779310659   140.252296667
552   44.6761575532   44.6761575532   140.737322548
553   45.21949356   45.21949356   137.11306431
554   46.285840533   46.285840533   131.740925865
555   45.6458974771   45.6458974771   134.892083604
556   45.3074907409   45.3074907409   137.52263347
557   45.6990703847   45.6990703847   135.249100439
558   45.4241549576   45.4241549576   136.374959895
559   44.6529047357   44.6529047357   140.759393458
560   45.6046506012   45.6046506012   135.37785564
561   45.658260475   45.658260475   135.168523502
562   45.541540386   45.541540386   135.790494706
563   45.7286087966   45.7286087966   134.531068521
564   46.0248902953   46.0248902953   132.832681768
565   46.2624720755   46.2624720755   131.798153779
566   46.4552216103   46.4552216103   130.60756292
567   45.9891139687   45.9891139687   132.755167419
568   46.7553322428   46.7553322428   128.386736998
569   47.028890856   47.028890856   127.31988057
570   47.1894184935   47.1894184935   126.659677632
571   46.966933268   46.966933268   127.706580639
572   47.5117531549   47.5117531549   125.07615114
573   46.0381937227   46.0381937227   132.968605761
574   45.3995450452   45.3995450452   136.498142601
575   46.5486060097   46.5486060097   129.987141279
576   46.3396211066   46.3396211066   130.355651966
577   47.4480463846   47.4480463846   126.004420137
578   45.5990950537   45.5990950537   134.854693676
579   45.1833695847   45.1833695847   138.082264673
580   45.9577442953   45.9577442953   134.196066817
581   46.1267410867   46.1267410867   132.338226006
582   45.5456967528   45.5456967528   135.456056445
583   44.5080127548   44.5080127548   141.860350069
584   46.0143726942   46.0143726942   132.793850405
585   44.6660781087   44.6660781087   140.82753116
586   45.3849157455   45.3849157455   136.957243825
587   44.9437920964   44.9437920964   139.351796712
588   44.7379877203   44.7379877203   140.717959788
589   45.4312927562   45.4312927562   136.791216171
590   44.8835073107   44.8835073107   139.782443649
591   45.2614260542   45.2614260542   137.304187125
592   45.779227167   45.779227167   135.22955913
593   46.0819628248   46.0819628248   133.609564118
594   46.5285692986   46.5285692986   130.389287415
595   46.0619692533   46.0619692533   132.744655481
596   45.5118051373   45.5118051373   135.962401991
597   45.674089703   45.674089703   135.51580519
598   45.7806985352   45.7806985352   133.973733271
599   46.5326216685   46.5326216685   130.421602423
600   45.8931164489   45.8931164489   133.519168829
601   45.722620603   45.722620603   134.754239014
602   46.1858114787   46.1858114787   132.10733854
603   46.1368501308   46.1368501308   131.950972191
604   45.876234414   45.876234414   134.468718598
605   46.434831772   46.434831772   130.674805285
606   46.237408707   46.237408707   131.840992739
607   45.420023925   45.420023925   136.934058855
608   46.2300725352   46.2300725352   132.1302228
609   45.660143867   45.660143867   135.943474465
610   45.2175417128   45.2175417128   137.467882528
611   45.2220192214   45.2220192214   136.859147657
612   45.8036626229   45.8036626229   135.051907194
613   45.9807461483   45.9807461483   133.753871457
614   45.9450780061   45.9450780061   133.749540154
615   45.0246645252   45.0246645252   139.494662362
616   45.4251724483   45.4251724483   137.071835187
617   45.7142155119   45.7142155119   134.991235676
618   46.3398209916   46.3398209916   131.63664066
619   45.2756085051   45.2756085051   137.508096719
620   44.5929071231   44.5929071231   142.612780556
621   45.6979683094   45.6979683094   135.399847982
622   45.2520588598   45.2520588598   137.636880336
623   45.5863427925   45.5863427925   135.183667376
624   45.766659789   45.766659789   134.394564832
625   44.9529999062   44.9529999062   139.261293007
626   45.2177784511   45.2177784511   137.419614769
627   45.8107682842   45.8107682842   134.356270044
628   46.1490221601   46.1490221601   132.215589502
629   45.0469581602   45.0469581602   138.921750586
630   45.1015033082   45.1015033082   138.693859428
631   45.6800806882   45.6800806882   134.573991506
632   46.4365457009   46.4365457009   129.755696314
633   46.3521920464   46.3521920464   130.534158159
634   46.1250600525   46.1250600525   132.402156857
635   44.7045932563   44.7045932563   140.781811759
636   44.8552337386   44.8552337386   139.89384919
637   46.1393115361   46.1393115361   133.004999822
638   46.5062177714   46.5062177714   130.199039276
639   47.0215395536   47.0215395536   127.371937764
640   46.4075163544   46.4075163544   130.783864499
641   46.0774460844   46.0774460844   132.607396681
642   45.9307593521   45.9307593521   133.73980764
643   45.5723013719   45.5723013719   135.537799261
644   44.9278826133   44.9278826133   139.720248161
645   45.213162336   45.213162336   137.366862803
646   45.6794564903   45.6794564903   134.458421524
647   45.1210242119   45.1210242119   138.290727924
648   44.8169591954   44.8169591954   139.773756579
649   45.6902628133   45.6902628133   134.46719109
650   45.5845981289   45.5845981289   135.715340058
651   45.4862200013   45.4862200013   135.901868271
652   45.6528626197   45.6528626197   134.503557039
653   46.0280515198   46.0280515198   133.02900455
654   45.6552881855   45.6552881855   135.021279551
655   45.9724914171   45.9724914171   132.508347156
656   47.0749141541   47.0749141541   127.300780106
657   45.9819247216   45.9819247216   133.610122548
658   45.8614075771   45.8614075771   134.190220594
659   46.0142987693   46.0142987693   132.554239116
660   46.3045304135   46.3045304135   131.404790872
661   45.5473455378   45.5473455378   135.740241104
662   45.4527010242   45.4527010242   136.69533138
663   46.0609208154   46.0609208154   133.330643335
664   45.2187949376   45.2187949376   136.690668435
665   47.6403522125   47.6403522125   124.08275694
666   47.5007918105   47.5007918105   124.61393665
667   46.8525401257   46.8525401257   129.070633354
668   45.7867478043   45.7867478043   134.778778231
669   45.7282758437   45.7282758437   134.769161431
670   45.4922021845   45.4922021845   135.031889796
671   45.2611970348   45.2611970348   137.254164369
672   45.4093250539   45.4093250539   136.382737198
673   45.6031783857   45.6031783857   134.582333979
674   45.8111331702   45.8111331702   134.160006868
675   44.1867933049   44.1867933049   143.02185189
676   44.9682775664   44.9682775664   140.42648228
677   45.8257089203   45.8257089203   134.026498873
678   45.2527073924   45.2527073924   137.502251292
679   46.1229250187   46.1229250187   132.86300991
680   46.6991190269   46.6991190269   129.006051758
681   45.72927865   45.72927865   133.560144592
682   45.1040148163   45.1040148163   138.060045866
683   45.2975892581   45.2975892581   137.18276882
684   44.9469690737   44.9469690737   138.733037016
685   45.1584910936   45.1584910936   138.504268576
686   44.9686569822   44.9686569822   139.370671902
687   44.5280920449   44.5280920449   141.897589956
688   44.2907099847   44.2907099847   143.580698495
689   44.7407318449   44.7407318449   140.443466271
690   45.3201302101   45.3201302101   136.360291145
691   46.1597044154   46.1597044154   132.53538034
692   45.2956207889   45.2956207889   136.921943273
693   45.4139884788   45.4139884788   135.475910812
694   45.9955847178   45.9955847178   133.216564442
695   46.0071499505   46.0071499505   133.608091328
696   46.1607751634   46.1607751634   132.383952437
697   47.1933675049   47.1933675049   126.877414133
698   46.9953264551   46.9953264551   127.313891881
699   47.5852016513   47.5852016513   125.329647188
700   46.6040758901   46.6040758901   129.546313455
701   46.5859434401   46.5859434401   129.746577553
702   45.6094718475   45.6094718475   135.751435316
703   45.9385800798   45.9385800798   133.761092967
704   45.4263286494   45.4263286494   135.98143194
705   45.0961904597   45.0961904597   137.930122001
706   44.8337704317   44.8337704317   140.891059452
707   44.4789269968   44.4789269968   141.927570086
708   45.4584144262   45.4584144262   137.285853686
709   44.9251111058   44.9251111058   139.245596249
710   46.2494149363   46.2494149363   131.952279707
711   44.8863619465   44.8863619465   139.035962693
712   44.3666490277   44.3666490277   142.730021824
713   45.5198093316   45.5198093316   136.383084659
714   45.3235474826   45.3235474826   137.553041034
715   45.307580327   45.307580327   136.684831356
716   45.4922175312   45.4922175312   135.791191283
717   45.7772614659   45.7772614659   135.169948041
718   45.1202006204   45.1202006204   138.967409769
719   45.3122704262   45.3122704262   137.62893536
720   44.4134007483   44.4134007483   142.770813477
721   44.9181294536   44.9181294536   139.567500798
722   45.8271558689   45.8271558689   134.010467839
723   45.2928101369   45.2928101369   136.898534198
724   45.8143171893   45.8143171893   133.971052998
725   45.2487330978   45.2487330978   137.76122693
726   45.6762361348   45.6762361348   135.478624043
727   46.825386584   46.825386584   129.256780068
728   45.0232733816   45.0232733816   138.674644526
729   45.0771622457   45.0771622457   138.683236043
730   45.4316232546   45.4316232546   136.182578989
731   44.7330451851   44.7330451851   140.059270693
732   45.9416022958   45.9416022958   133.674132934
733   45.6532537621   45.6532537621   135.097817733
734   46.2927476278   46.2927476278   131.896919557
735   46.2864424792   46.2864424792   131.104634314
736   46.0211458986   46.0211458986   133.636896742
737   46.3784077097   46.3784077097   131.421013459
738   45.8514296568   45.8514296568   134.282628883
739   45.8581697173   45.8581697173   134.446186669
740   45.9324520233   45.9324520233   133.104925076
741   45.1074137648   45.1074137648   138.593795329
742   45.2144468653   45.2144468653   137.664951622
743   45.9487716808   45.9487716808   133.841314134
744   44.8095698546   44.8095698546   139.025734825
745   45.1118949094   45.1118949094   138.754478823
746   44.665785072   44.665785072   141.071271103
747   44.7763646681   44.7763646681   139.802250514
748   45.1973065602   45.1973065602   137.529501449
749   45.0069577843   45.0069577843   139.274786811
750   45.1223715739   45.1223715739   138.547223096
751   45.7826572475   45.7826572475   134.69168955
752   46.4719407936   46.4719407936   130.361729148
753   45.8199822864   45.8199822864   133.040134785
754   46.1804006446   46.1804006446   132.172901552
755   45.686269281   45.686269281   135.43058915
756   45.3646250883   45.3646250883   137.190387511
757   45.8313265742   45.8313265742   133.975589444
758   45.6762292372   45.6762292372   135.23230642
759   46.0185473855   46.0185473855   133.328445456
760   45.3080984595   45.3080984595   137.190033996
761   45.3398606395   45.3398606395   137.370554901
762   45.4320167367   45.4320167367   136.357408597
763   46.1255383725   46.1255383725   131.846633686
764   46.0392729566   46.0392729566   133.452353441
765   45.5453833549   45.5453833549   135.807569709
766   45.4995772434   45.4995772434   136.701582933
767   46.1585269378   46.1585269378   132.118099521
768   46.2929604156   46.2929604156   131.575394494
769   45.9436460872   45.9436460872   133.443878413
770   46.0648514042   46.0648514042   133.086867594
771   46.2407380502   46.2407380502   130.697629088
772   44.6870548852   44.6870548852   140.401797689
773   45.3704190709   45.3704190709   137.196189854
774   44.7383416324   44.7383416324   140.237479311
775   44.986296111   44.986296111   138.705650333
776   45.7160851858   45.7160851858   134.843389339
777   46.0869221925   46.0869221925   132.309210388
778   45.4022164555   45.4022164555   136.337045753
779   45.388725713   45.388725713   135.620906669
780   45.8947077686   45.8947077686   134.003714128
781   46.640855272   46.640855272   130.44969225
782   45.3400405552   45.3400405552   136.878645704
783   45.0956941305   45.0956941305   138.00577717
784   45.1459444934   45.1459444934   137.966843033
785   45.8473945978   45.8473945978   134.093921493
786   44.6755308558   44.6755308558   141.446445618
787   45.8397489317   45.8397489317   134.93031241
788   45.3594594869   45.3594594869   136.635223442
789   44.4597554296   44.4597554296   141.982865641
790   44.8080294694   44.8080294694   139.755795364
791   44.4863003036   44.4863003036   141.970343055
792   44.6893782273   44.6893782273   140.741414806
793   45.4296911375   45.4296911375   136.270400122
794   45.7079644891   45.7079644891   134.875360463
795   45.3164112997   45.3164112997   137.211302296
796   46.2750077096   46.2750077096   131.652166418
797   44.7638674253   44.7638674253   140.301867712
798   45.0493950632   45.0493950632   138.885821961
799   44.6691065772   44.6691065772   141.593771891
800   45.065368253   45.065368253   138.523425963
801   44.1463639349   44.1463639349   144.443702324
802   45.7313367105   45.7313367105   133.85758562
803   45.8942183223   45.8942183223   133.69230938
804   45.6231916871   45.6231916871   134.93604224
805   45.6446241776   45.6446241776   135.428096236
806   45.3694556305   45.3694556305   136.228934234
807   45.2696579604   45.2696579604   137.971708797
808   45.2039808383   45.2039808383   138.083316785
809   45.3510189665   45.3510189665   136.425751441
810   46.009173785   46.009173785   132.331443678
811   46.7274414197   46.7274414197   129.054324798
812   45.8287858689   45.8287858689   134.575548743
813   45.7014058502   45.7014058502   134.958393781
814   45.0023256617   45.0023256617   139.006792007
815   45.582432433   45.582432433   135.740760453
816   45.2146518017   45.2146518017   138.25718343
817   45.4110882672   45.4110882672   137.460778611
818   45.8301635452   45.8301635452   133.516572385
819   44.6511475689   44.6511475689   140.7039026
820   44.7855171643   44.7855171643   140.021384024
821   44.4821979398   44.4821979398   142.288222818
822   44.2292275277   44.2292275277   143.668564896
823   45.3264823642   45.3264823642   137.018645859
824   45.3815298182   45.3815298182   137.031816628
825   45.0885138071   45.0885138071   138.59751167
826   46.1245481023   46.1245481023   132.479338001
827   45.9025951643   45.9025951643   133.590288356
828   45.6553434992   45.6553434992   135.108388552
829   45.8916878002   45.8916878002   134.209350692
830   46.4193315766   46.4193315766   130.434280244
831   45.3953317674   45.3953317674   135.865267957
832   46.0291303867   46.0291303867   132.984792526
833   46.2883692562   46.2883692562   131.361735045
834   45.6962770347   45.6962770347   134.579628476
835   45.4333088427   45.4333088427   136.171601008
836   45.718676477   45.718676477   134.840570141
837   45.7186475499   45.7186475499   134.706615907
838   45.2133699934   45.2133699934   137.926091508
839   44.3872890234   44.3872890234   142.793120896
840   45.2791210118   45.2791210118   137.217103089
841   45.7179950321   45.7179950321   134.309009498
842   45.1921542508   45.1921542508   138.593932743
843   45.2932258965   45.2932258965   136.894568443
844   45.7723824974   45.7723824974   134.715235885
845   45.8784076591   45.8784076591   133.912710917
846   46.1132632534   46.1132632534   132.248619698
847   46.556428347   46.556428347   130.16833646
848   46.0127228625   46.0127228625   132.655614803
849   44.4795609948   44.4795609948   142.51804903
850   44.3365000239   44.3365000239   142.985880294
851   45.6968396268   45.6968396268   135.126112295
852   45.4438205964   45.4438205964   136.460886722
853   45.7368850133   45.7368850133   135.055663212
854   44.8144553633   44.8144553633   140.194906918
855   45.8399950914   45.8399950914   134.171593747
856   46.2792226783   46.2792226783   131.934626664
857   45.7969392286   45.7969392286   134.129941416
858   46.3322168486   46.3322168486   131.208856223
859   45.6346835802   45.6346835802   135.451627653
860   46.1770567854   46.1770567854   132.736251803
861   46.5673455398   46.5673455398   130.109264257
862   45.9207965963   45.9207965963   133.948639363
863   45.8741251046   45.8741251046   133.424315314
864   45.3278794008   45.3278794008   137.619031811
865   45.4368228941   45.4368228941   136.269436704
866   45.8415899695   45.8415899695   134.388220324
867   44.9205509848   44.9205509848   139.771669008
868   45.2420359947   45.2420359947   137.73091497
869   44.912734239   44.912734239   139.622703271
870   44.8162198727   44.8162198727   140.679546152
871   44.8230961388   44.8230961388   140.856846472
872   44.6122880903   44.6122880903   141.103367633
873   44.6302925295   44.6302925295   142.038932619
874   45.0791610842   45.0791610842   137.879273413
875   46.016068352   46.016068352   132.622443218
876   45.8436275832   45.8436275832   134.034961829
877   46.0397609486   46.0397609486   133.222579441
878   45.4650440393   45.4650440393   136.115088038
879   45.8333066115   45.8333066115   134.119393734
880   45.1848846161   45.1848846161   138.016685332
881   45.0952805994   45.0952805994   138.692184071
882   44.8154883946   44.8154883946   140.040366846
883   45.4731687374   45.4731687374   135.515778076
884   45.6352116317   45.6352116317   135.260313711
885   44.3643244846   44.3643244846   141.802287305
886   44.5395974207   44.5395974207   141.998595638
887   45.7020742239   45.7020742239   135.107026059
888   45.680874758   45.680874758   134.883571214
889   45.6969854799   45.6969854799   134.400765385
890   45.5540452859   45.5540452859   135.745604447
891   45.1479405725   45.1479405725   138.263991497
892   44.4245368005   44.4245368005   142.795512659
893   44.9582399693   44.9582399693   139.732027523
894   44.770856864   44.770856864   140.106388645
895   44.59389202   44.59389202   141.380871436
896   44.8793873833   44.8793873833   139.679895096
897   45.5288352568   45.5288352568   136.416243142
898   45.910542518   45.910542518   133.542987914
899   45.2159724915   45.2159724915   137.40404549
900   45.7528298652   45.7528298652   134.324340491
901   46.000049844   46.000049844   133.432368444
902   45.5521796501   45.5521796501   135.627829141
903   45.7454529908   45.7454529908   134.40929169
904   45.6986383037   45.6986383037   133.621654147
905   45.1440399266   45.1440399266   137.270648108
906   45.2434493221   45.2434493221   138.33709272
907   45.6124563072   45.6124563072   135.278133665
908   45.7174548694   45.7174548694   134.444450592
909   45.7197120871   45.7197120871   135.409186626
910   45.991252889   45.991252889   132.903193545
911   46.3294597977   46.3294597977   130.982820157
912   45.9760877454   45.9760877454   132.424603796
913   46.1013532755   46.1013532755   132.86509095
914   45.5182102375   45.5182102375   135.38848461
915   45.0292644241   45.0292644241   138.612556118
916   45.715803672   45.715803672   134.461849023
917   46.0444481854   46.0444481854   132.874066364
918   46.146432863   46.146432863   132.253397954
919   45.6448111926   45.6448111926   134.534682429
920   45.6008863259   45.6008863259   135.641714061
921   45.3503392439   45.3503392439   136.669531839
922   45.722991779   45.722991779   134.555658152
923   45.8776817533   45.8776817533   134.356999739
924   45.4829518587   45.4829518587   136.134202777
925   46.0472818259   46.0472818259   132.856200168
926   45.7072879457   45.7072879457   134.889440994
927   45.5663460279   45.5663460279   135.957439159
928   46.3136494641   46.3136494641   132.511352172
929   45.2218353667   45.2218353667   138.015200385
930   45.9508415398   45.9508415398   133.47211863
931   45.7974707564   45.7974707564   134.246897326
932   45.5780694236   45.5780694236   136.444090851
933   45.4291155624   45.4291155624   136.391021544
934   45.8625264523   45.8625264523   133.869957609
935   45.781682589   45.781682589   134.638315724
936   45.377659126   45.377659126   136.870249629
937   46.5495470262   46.5495470262   129.325396479
938   46.2113061296   46.2113061296   131.192006897
939   46.7301352642   46.7301352642   129.063035909
940   46.273192044   46.273192044   132.05467919
941   47.0067346255   47.0067346255   127.428560181
942   46.7755640181   46.7755640181   128.765460259
943   46.2703075886   46.2703075886   131.967708731
944   46.338875245   46.338875245   131.545947527
945   46.3409261807   46.3409261807   130.83135395
946   45.3746314929   45.3746314929   136.872580054
947   45.4316428715   45.4316428715   136.763558816
948   46.3720208524   46.3720208524   131.072735616
949   46.1811369483   46.1811369483   131.942510761
950   46.0302443168   46.0302443168   132.781310165
951   45.8141161198   45.8141161198   134.901081445
952   46.3818463223   46.3818463223   131.52075552
953   46.0565618737   46.0565618737   132.39888097
954   46.7570788043   46.7570788043   128.348050524
955   45.5239033797   45.5239033797   135.715161521
956   45.604515319   45.604515319   135.056003899
957   46.3123832617   46.3123832617   132.253132726
958   45.8738851442   45.8738851442   134.415296359
959   45.740841889   45.740841889   133.936224814
960   44.967572778   44.967572778   139.321143975
961   45.205370866   45.205370866   138.142617405
962   45.1023303977   45.1023303977   138.705466419
963   45.0275813709   45.0275813709   138.416808953
964   45.6646218292   45.6646218292   135.019184832
965   44.3189583421   44.3189583421   143.107157962
966   44.2149748632   44.2149748632   143.394509362
967   45.2199170731   45.2199170731   138.677902798
968   44.4005506067   44.4005506067   142.918656911
969   45.6209989141   45.6209989141   135.762452809
970   44.4314624244   44.4314624244   142.612320751
971   44.7255056826   44.7255056826   141.19296051
972   44.8738718262   44.8738718262   139.552937603
973   45.5877922656   45.5877922656   135.514682645
974   45.2027025329   45.2027025329   137.484399181
975   44.4981876216   44.4981876216   142.340038996
976   45.2033843883   45.2033843883   138.048028228
977   44.9887106546   44.9887106546   139.270143824
978   45.229465725   45.229465725   137.766973407
979   44.9768857282   44.9768857282   139.527086122
980   45.019563145   45.019563145   138.625089466
981   44.7787783987   44.7787783987   140.090810624
982   44.7611510306   44.7611510306   140.869081148
983   44.5678220721   44.5678220721   141.215281151
984   44.8983630782   44.8983630782   139.573814059
985   45.0425412072   45.0425412072   138.548596128
986   44.7627429228   44.7627429228   140.511138065
987   45.7766025696   45.7766025696   134.649397201
988   46.0204697096   46.0204697096   132.162829653
989   46.877472126   46.877472126   128.597939413
990   45.6538559708   45.6538559708   134.448985169
991   45.3514247133   45.3514247133   137.053759172
992   45.9046523618   45.9046523618   133.613423974
993   45.8278952501   45.8278952501   133.49621391
994   46.6627767958   46.6627767958   129.964548003
995   46.5316601833   46.5316601833   130.545966269
996   45.6443142707   45.6443142707   135.443240324
997   45.6663717247   45.6663717247   135.729931002
998   45.7679729998   45.7679729998   134.00351379
999   45.2008379891   45.2008379891   137.705734987
1000   45.6803559609   45.6803559609   134.614621138
