z	dens_1	dens_2	dens_3	dens_moy	se_moy
-75.500000	0.000000	0.000000	0.000000	0.000000	0.000000
-74.500000	0.000000	0.000000	0.000000	0.000000	0.000000
-73.500000	0.000000	0.000000	0.000000	0.000000	0.000000
-72.500000	0.010000	0.010000	0.010000	0.010000	0.000000
-71.500000	0.040000	0.040000	0.030000	0.036667	0.003333
-70.500000	0.090000	0.100000	0.080000	0.090000	0.005774
-69.500000	0.200000	0.220000	0.180000	0.200000	0.011547
-68.500000	0.360000	0.390000	0.330000	0.360000	0.017321
-67.500000	0.530000	0.580000	0.530000	0.546667	0.016667
-66.500000	0.700000	0.750000	0.710000	0.720000	0.015275
-65.500000	0.840000	0.870000	0.850000	0.853333	0.008819
-64.500000	0.920000	0.940000	0.940000	0.933333	0.006667
-63.500000	0.970000	0.970000	0.980000	0.973333	0.003333
-62.500000	0.990000	0.990000	1.000000	0.993333	0.003333
-61.500000	1.000000	1.000000	1.000000	1.000000	0.000000
-60.500000	1.000000	1.000000	1.000000	1.000000	0.000000
-59.500000	1.000000	1.000000	1.000000	1.000000	0.000000
-58.500000	1.000000	1.000000	1.000000	1.000000	0.000000
-57.500000	1.000000	1.000000	1.000000	1.000000	0.000000
-56.500000	1.000000	1.000000	1.000000	1.000000	0.000000
-55.500000	1.000000	1.000000	1.000000	1.000000	0.000000
-54.500000	1.000000	1.000000	1.000000	1.000000	0.000000
-53.500000	1.000000	1.000000	1.000000	1.000000	0.000000
-52.500000	1.000000	1.000000	1.000000	1.000000	0.000000
-51.500000	1.000000	1.000000	1.000000	1.000000	0.000000
-50.500000	1.000000	1.000000	1.000000	1.000000	0.000000
-49.500000	1.000000	1.000000	1.000000	1.000000	0.000000
-48.500000	1.000000	1.000000	1.000000	1.000000	0.000000
-47.500000	1.000000	1.000000	1.000000	1.000000	0.000000
-46.500000	1.000000	1.000000	1.000000	1.000000	0.000000
-45.500000	1.000000	1.000000	1.000000	1.000000	0.000000
-44.500000	1.000000	1.000000	1.000000	1.000000	0.000000
-43.500000	1.000000	1.000000	1.000000	1.000000	0.000000
-42.500000	1.000000	1.000000	1.000000	1.000000	0.000000
-41.500000	1.000000	1.000000	1.000000	1.000000	0.000000
-40.500000	1.000000	1.000000	1.000000	1.000000	0.000000
-39.500000	1.000000	1.000000	1.000000	1.000000	0.000000
-38.500000	1.000000	1.000000	1.000000	1.000000	0.000000
-37.500000	1.000000	1.000000	1.000000	1.000000	0.000000
-36.500000	1.000000	1.000000	1.000000	1.000000	0.000000
-35.500000	1.000000	1.000000	1.000000	1.000000	0.000000
-34.500000	1.000000	1.000000	1.000000	1.000000	0.000000
-33.500000	1.000000	1.000000	1.000000	1.000000	0.000000
-32.500000	1.000000	1.000000	1.000000	1.000000	0.000000
-31.500000	1.000000	1.000000	1.000000	1.000000	0.000000
-30.500000	1.000000	1.000000	1.000000	1.000000	0.000000
-29.500000	1.000000	1.000000	1.000000	1.000000	0.000000
-28.500000	1.000000	1.000000	1.000000	1.000000	0.000000
-27.500000	1.000000	1.010000	1.000000	1.003333	0.003333
-26.500000	1.010000	1.010000	1.010000	1.010000	0.000000
-25.500000	1.020000	1.020000	1.020000	1.020000	0.000000
-24.500000	1.050000	1.050000	1.050000	1.050000	0.000000
-23.500000	1.100000	1.100000	1.090000	1.096667	0.003333
-22.500000	1.170000	1.170000	1.160000	1.166667	0.003333
-21.500000	1.250000	1.250000	1.250000	1.250000	0.000000
-20.500000	1.320000	1.330000	1.330000	1.326667	0.003333
-19.500000	1.360000	1.360000	1.370000	1.363333	0.003333
-18.500000	1.360000	1.360000	1.370000	1.363333	0.003333
-17.500000	1.330000	1.330000	1.330000	1.330000	0.000000
-16.500000	1.280000	1.280000	1.280000	1.280000	0.000000
-15.500000	1.220000	1.220000	1.230000	1.223333	0.003333
-14.500000	1.150000	1.140000	1.150000	1.146667	0.003333
-13.500000	1.060000	1.060000	1.060000	1.060000	0.000000
-12.500000	0.970000	0.970000	0.970000	0.970000	0.000000
-11.500000	0.920000	0.910000	0.910000	0.913333	0.003333
-10.500000	0.880000	0.880000	0.880000	0.880000	0.000000
-9.500000	0.860000	0.860000	0.860000	0.860000	0.000000
-8.500000	0.850000	0.850000	0.850000	0.850000	0.000000
-7.500000	0.850000	0.850000	0.850000	0.850000	0.000000
-6.500000	0.840000	0.840000	0.840000	0.840000	0.000000
-5.500000	0.820000	0.820000	0.820000	0.820000	0.000000
-4.500000	0.800000	0.800000	0.800000	0.800000	0.000000
-3.500000	0.770000	0.770000	0.770000	0.770000	0.000000
-2.500000	0.730000	0.730000	0.730000	0.730000	0.000000
-1.500000	0.700000	0.700000	0.700000	0.700000	0.000000
-0.500000	0.680000	0.680000	0.680000	0.680000	0.000000
0.500000	0.680000	0.680000	0.680000	0.680000	0.000000
1.500000	0.700000	0.700000	0.700000	0.700000	0.000000
2.500000	0.730000	0.740000	0.730000	0.733333	0.003333
3.500000	0.770000	0.770000	0.770000	0.770000	0.000000
4.500000	0.800000	0.800000	0.800000	0.800000	0.000000
5.500000	0.820000	0.820000	0.820000	0.820000	0.000000
6.500000	0.840000	0.840000	0.840000	0.840000	0.000000
7.500000	0.850000	0.850000	0.850000	0.850000	0.000000
8.500000	0.850000	0.850000	0.850000	0.850000	0.000000
9.500000	0.860000	0.860000	0.860000	0.860000	0.000000
10.500000	0.880000	0.880000	0.880000	0.880000	0.000000
11.500000	0.910000	0.910000	0.910000	0.910000	0.000000
12.500000	0.980000	0.970000	0.970000	0.973333	0.003333
13.500000	1.060000	1.060000	1.060000	1.060000	0.000000
14.500000	1.150000	1.150000	1.150000	1.150000	0.000000
15.500000	1.220000	1.220000	1.230000	1.223333	0.003333
16.500000	1.280000	1.280000	1.280000	1.280000	0.000000
17.500000	1.330000	1.330000	1.330000	1.330000	0.000000
18.500000	1.360000	1.360000	1.360000	1.360000	0.000000
19.500000	1.360000	1.370000	1.370000	1.366667	0.003333
20.500000	1.320000	1.330000	1.330000	1.326667	0.003333
21.500000	1.250000	1.250000	1.250000	1.250000	0.000000
22.500000	1.170000	1.170000	1.160000	1.166667	0.003333
23.500000	1.090000	1.100000	1.090000	1.093333	0.003333
24.500000	1.040000	1.050000	1.050000	1.046667	0.003333
25.500000	1.020000	1.020000	1.020000	1.020000	0.000000
26.500000	1.010000	1.010000	1.010000	1.010000	0.000000
27.500000	1.000000	1.000000	1.010000	1.003333	0.003333
28.500000	1.000000	1.000000	1.000000	1.000000	0.000000
29.500000	1.000000	1.000000	1.000000	1.000000	0.000000
30.500000	1.000000	1.000000	1.000000	1.000000	0.000000
31.500000	1.000000	1.000000	1.000000	1.000000	0.000000
32.500000	1.000000	1.000000	1.000000	1.000000	0.000000
33.500000	1.000000	1.000000	1.000000	1.000000	0.000000
34.500000	1.000000	1.000000	1.000000	1.000000	0.000000
35.500000	1.000000	1.000000	1.000000	1.000000	0.000000
36.500000	1.000000	1.000000	1.000000	1.000000	0.000000
37.500000	1.000000	1.000000	1.000000	1.000000	0.000000
38.500000	1.000000	1.000000	1.000000	1.000000	0.000000
39.500000	1.000000	1.000000	1.000000	1.000000	0.000000
40.500000	1.000000	1.000000	1.000000	1.000000	0.000000
41.500000	1.000000	1.000000	1.000000	1.000000	0.000000
42.500000	1.000000	1.000000	1.000000	1.000000	0.000000
43.500000	1.000000	1.000000	1.000000	1.000000	0.000000
44.500000	1.000000	1.000000	1.000000	1.000000	0.000000
45.500000	1.000000	1.000000	1.000000	1.000000	0.000000
46.500000	1.000000	1.000000	1.000000	1.000000	0.000000
47.500000	1.000000	1.000000	1.000000	1.000000	0.000000
48.500000	1.000000	1.000000	1.000000	1.000000	0.000000
49.500000	1.000000	1.000000	1.000000	1.000000	0.000000
50.500000	1.000000	1.000000	1.000000	1.000000	0.000000
51.500000	1.000000	1.000000	1.000000	1.000000	0.000000
52.500000	1.000000	1.000000	1.000000	1.000000	0.000000
53.500000	1.000000	1.000000	1.000000	1.000000	0.000000
54.500000	1.000000	1.000000	1.000000	1.000000	0.000000
55.500000	1.000000	1.000000	1.000000	1.000000	0.000000
56.500000	1.000000	1.000000	1.000000	1.000000	0.000000
57.500000	1.000000	1.000000	1.000000	1.000000	0.000000
58.500000	1.000000	1.000000	1.000000	1.000000	0.000000
59.500000	1.000000	1.000000	1.000000	1.000000	0.000000
60.500000	1.000000	1.000000	1.000000	1.000000	0.000000
61.500000	1.000000	1.000000	1.000000	1.000000	0.000000
62.500000	1.000000	1.000000	1.000000	1.000000	0.000000
63.500000	0.990000	1.000000	1.000000	0.996667	0.003333
64.500000	0.960000	0.970000	0.980000	0.970000	0.005774
65.500000	0.920000	0.940000	0.940000	0.933333	0.006667
66.500000	0.820000	0.860000	0.840000	0.840000	0.011547
67.500000	0.680000	0.740000	0.700000	0.706667	0.017638
68.500000	0.510000	0.570000	0.510000	0.530000	0.020000
69.500000	0.340000	0.370000	0.320000	0.343333	0.014530
70.500000	0.190000	0.210000	0.170000	0.190000	0.011547
71.500000	0.090000	0.100000	0.080000	0.090000	0.005774
72.500000	0.030000	0.040000	0.030000	0.033333	0.003333
73.500000	0.010000	0.010000	0.010000	0.010000	0.000000
74.500000	0.000000	0.000000	0.000000	0.000000	0.000000
75.500000	0.000000	0.000000	0.000000	0.000000	0.000000
76.500000	0.000000	0.000000	0.000000	0.000000	0.000000
77.500000	0.000000	0.000000	0.000000	0.000000	0.000000
78.500000	0.000000	0.000000	0.000000	0.000000	0.000000
79.500000	0.000000	0.000000	0.000000	0.000000	0.000000
