z	dens_1	dens_2	dens_3	dens_moy	se_moy
-75.500000	0.000000	0.000000	0.000000	0.000000	0.000000
-74.500000	0.000000	0.000000	0.000000	0.000000	0.000000
-73.500000	0.000000	0.010000	0.010000	0.006667	0.003333
-72.500000	0.020000	0.020000	0.030000	0.023333	0.003333
-71.500000	0.050000	0.050000	0.070000	0.056667	0.006667
-70.500000	0.130000	0.120000	0.160000	0.136667	0.012019
-69.500000	0.260000	0.230000	0.300000	0.263333	0.020276
-68.500000	0.440000	0.400000	0.490000	0.443333	0.026034
-67.500000	0.630000	0.600000	0.680000	0.636667	0.023333
-66.500000	0.780000	0.780000	0.830000	0.796667	0.016667
-65.500000	0.890000	0.900000	0.910000	0.900000	0.005774
-64.500000	0.950000	0.960000	0.960000	0.956667	0.003333
-63.500000	0.980000	0.980000	0.990000	0.983333	0.003333
-62.500000	0.990000	0.990000	0.990000	0.990000	0.000000
-61.500000	0.990000	0.990000	0.990000	0.990000	0.000000
-60.500000	0.990000	0.990000	1.000000	0.993333	0.003333
-59.500000	0.990000	0.990000	0.990000	0.990000	0.000000
-58.500000	0.990000	0.990000	0.990000	0.990000	0.000000
-57.500000	0.990000	0.990000	0.990000	0.990000	0.000000
-56.500000	0.990000	0.990000	0.990000	0.990000	0.000000
-55.500000	0.990000	0.990000	0.990000	0.990000	0.000000
-54.500000	0.990000	0.990000	0.990000	0.990000	0.000000
-53.500000	0.990000	0.990000	0.990000	0.990000	0.000000
-52.500000	0.990000	0.990000	0.990000	0.990000	0.000000
-51.500000	0.990000	0.990000	0.990000	0.990000	0.000000
-50.500000	0.990000	0.990000	0.990000	0.990000	0.000000
-49.500000	0.990000	0.990000	0.990000	0.990000	0.000000
-48.500000	0.990000	0.990000	0.990000	0.990000	0.000000
-47.500000	0.990000	0.990000	0.990000	0.990000	0.000000
-46.500000	0.990000	0.990000	0.990000	0.990000	0.000000
-45.500000	0.990000	0.990000	0.990000	0.990000	0.000000
-44.500000	0.990000	0.990000	0.990000	0.990000	0.000000
-43.500000	0.990000	0.990000	0.990000	0.990000	0.000000
-42.500000	0.990000	0.990000	0.990000	0.990000	0.000000
-41.500000	0.990000	0.990000	0.990000	0.990000	0.000000
-40.500000	0.990000	0.990000	0.990000	0.990000	0.000000
-39.500000	0.990000	0.990000	0.990000	0.990000	0.000000
-38.500000	0.990000	0.990000	0.990000	0.990000	0.000000
-37.500000	0.990000	0.990000	0.990000	0.990000	0.000000
-36.500000	0.990000	1.000000	0.990000	0.993333	0.003333
-35.500000	0.990000	0.990000	0.990000	0.990000	0.000000
-34.500000	0.990000	0.990000	0.990000	0.990000	0.000000
-33.500000	0.990000	0.990000	0.990000	0.990000	0.000000
-32.500000	0.990000	0.990000	0.990000	0.990000	0.000000
-31.500000	0.990000	0.990000	0.990000	0.990000	0.000000
-30.500000	0.990000	0.990000	0.990000	0.990000	0.000000
-29.500000	0.990000	0.990000	0.990000	0.990000	0.000000
-28.500000	0.990000	0.990000	0.990000	0.990000	0.000000
-27.500000	0.980000	0.980000	0.980000	0.980000	0.000000
-26.500000	0.960000	0.960000	0.950000	0.956667	0.003333
-25.500000	0.920000	0.920000	0.920000	0.920000	0.000000
-24.500000	0.870000	0.880000	0.870000	0.873333	0.003333
-23.500000	0.810000	0.810000	0.800000	0.806667	0.003333
-22.500000	0.730000	0.730000	0.720000	0.726667	0.003333
-21.500000	0.650000	0.650000	0.640000	0.646667	0.003333
-20.500000	0.570000	0.580000	0.560000	0.570000	0.005774
-19.500000	0.510000	0.510000	0.500000	0.506667	0.003333
-18.500000	0.450000	0.450000	0.450000	0.450000	0.000000
-17.500000	0.400000	0.400000	0.390000	0.396667	0.003333
-16.500000	0.330000	0.330000	0.330000	0.330000	0.000000
-15.500000	0.250000	0.260000	0.250000	0.253333	0.003333
-14.500000	0.180000	0.180000	0.170000	0.176667	0.003333
-13.500000	0.110000	0.110000	0.100000	0.106667	0.003333
-12.500000	0.050000	0.060000	0.050000	0.053333	0.003333
-11.500000	0.020000	0.020000	0.020000	0.020000	0.000000
-10.500000	0.010000	0.010000	0.010000	0.010000	0.000000
-9.500000	0.000000	0.000000	0.000000	0.000000	0.000000
-8.500000	0.000000	0.000000	0.000000	0.000000	0.000000
-7.500000	0.000000	0.000000	0.000000	0.000000	0.000000
-6.500000	0.000000	0.000000	0.000000	0.000000	0.000000
-5.500000	0.000000	0.000000	0.000000	0.000000	0.000000
-4.500000	0.000000	0.000000	0.000000	0.000000	0.000000
-3.500000	0.000000	0.000000	0.000000	0.000000	0.000000
-2.500000	0.000000	0.000000	0.000000	0.000000	0.000000
-1.500000	0.000000	0.000000	0.000000	0.000000	0.000000
-0.500000	0.000000	0.000000	0.000000	0.000000	0.000000
0.500000	0.000000	0.000000	0.000000	0.000000	0.000000
1.500000	0.000000	0.000000	0.000000	0.000000	0.000000
2.500000	0.000000	0.000000	0.000000	0.000000	0.000000
3.500000	0.000000	0.000000	0.000000	0.000000	0.000000
4.500000	0.000000	0.000000	0.000000	0.000000	0.000000
5.500000	0.000000	0.000000	0.000000	0.000000	0.000000
6.500000	0.000000	0.000000	0.000000	0.000000	0.000000
7.500000	0.000000	0.000000	0.000000	0.000000	0.000000
8.500000	0.000000	0.000000	0.000000	0.000000	0.000000
9.500000	0.000000	0.000000	0.000000	0.000000	0.000000
10.500000	0.010000	0.010000	0.010000	0.010000	0.000000
11.500000	0.030000	0.020000	0.020000	0.023333	0.003333
12.500000	0.060000	0.050000	0.050000	0.053333	0.003333
13.500000	0.110000	0.100000	0.100000	0.103333	0.003333
14.500000	0.180000	0.170000	0.170000	0.173333	0.003333
15.500000	0.260000	0.260000	0.250000	0.256667	0.003333
16.500000	0.330000	0.330000	0.330000	0.330000	0.000000
17.500000	0.400000	0.400000	0.390000	0.396667	0.003333
18.500000	0.450000	0.450000	0.450000	0.450000	0.000000
19.500000	0.510000	0.510000	0.500000	0.506667	0.003333
20.500000	0.570000	0.570000	0.570000	0.570000	0.000000
21.500000	0.650000	0.650000	0.640000	0.646667	0.003333
22.500000	0.730000	0.730000	0.720000	0.726667	0.003333
23.500000	0.800000	0.810000	0.800000	0.803333	0.003333
24.500000	0.870000	0.880000	0.870000	0.873333	0.003333
25.500000	0.920000	0.920000	0.920000	0.920000	0.000000
26.500000	0.960000	0.960000	0.950000	0.956667	0.003333
27.500000	0.980000	0.980000	0.970000	0.976667	0.003333
28.500000	0.990000	0.990000	0.990000	0.990000	0.000000
29.500000	0.990000	0.990000	0.990000	0.990000	0.000000
30.500000	0.990000	0.990000	0.990000	0.990000	0.000000
31.500000	0.990000	0.990000	0.990000	0.990000	0.000000
32.500000	0.990000	0.990000	0.990000	0.990000	0.000000
33.500000	0.990000	0.990000	0.990000	0.990000	0.000000
34.500000	0.990000	0.990000	0.990000	0.990000	0.000000
35.500000	0.990000	0.990000	0.990000	0.990000	0.000000
36.500000	0.990000	0.990000	0.990000	0.990000	0.000000
37.500000	0.990000	0.990000	0.990000	0.990000	0.000000
38.500000	0.990000	0.990000	0.990000	0.990000	0.000000
39.500000	0.990000	0.990000	0.990000	0.990000	0.000000
40.500000	0.990000	0.990000	0.990000	0.990000	0.000000
41.500000	0.990000	0.990000	0.990000	0.990000	0.000000
42.500000	0.990000	0.990000	0.990000	0.990000	0.000000
43.500000	0.990000	0.990000	0.990000	0.990000	0.000000
44.500000	0.990000	0.990000	0.990000	0.990000	0.000000
45.500000	0.990000	0.990000	0.990000	0.990000	0.000000
46.500000	0.990000	0.990000	0.990000	0.990000	0.000000
47.500000	0.990000	0.990000	0.990000	0.990000	0.000000
48.500000	0.990000	0.990000	0.990000	0.990000	0.000000
49.500000	0.990000	0.990000	0.990000	0.990000	0.000000
50.500000	0.990000	0.990000	0.990000	0.990000	0.000000
51.500000	0.990000	0.990000	0.990000	0.990000	0.000000
52.500000	0.990000	0.990000	0.990000	0.990000	0.000000
53.500000	0.990000	0.990000	0.990000	0.990000	0.000000
54.500000	0.990000	0.990000	0.990000	0.990000	0.000000
55.500000	0.990000	0.990000	0.990000	0.990000	0.000000
56.500000	0.990000	0.990000	0.990000	0.990000	0.000000
57.500000	0.990000	0.990000	0.990000	0.990000	0.000000
58.500000	0.990000	0.990000	0.990000	0.990000	0.000000
59.500000	0.990000	0.990000	0.990000	0.990000	0.000000
60.500000	0.990000	0.990000	0.990000	0.990000	0.000000
61.500000	0.990000	0.990000	0.990000	0.990000	0.000000
62.500000	0.990000	0.990000	0.990000	0.990000	0.000000
63.500000	0.980000	0.990000	0.990000	0.986667	0.003333
64.500000	0.970000	0.980000	0.980000	0.976667	0.003333
65.500000	0.940000	0.950000	0.960000	0.950000	0.005774
66.500000	0.870000	0.890000	0.900000	0.886667	0.008819
67.500000	0.760000	0.760000	0.810000	0.776667	0.016667
68.500000	0.610000	0.570000	0.660000	0.613333	0.026034
69.500000	0.420000	0.370000	0.460000	0.416667	0.026034
70.500000	0.240000	0.210000	0.280000	0.243333	0.020276
71.500000	0.110000	0.100000	0.140000	0.116667	0.012019
72.500000	0.050000	0.040000	0.060000	0.050000	0.005774
73.500000	0.010000	0.020000	0.020000	0.016667	0.003333
74.500000	0.000000	0.010000	0.010000	0.006667	0.003333
75.500000	0.000000	0.000000	0.000000	0.000000	0.000000
76.500000	0.000000	0.000000	0.000000	0.000000	0.000000
