x	y1_raw	y1_norm	PMF_y1	y2_raw	y2_norm	PMF_y2	y3_raw	y3_norm	PMF_y3	y4_raw	y4_norm	PMF_y4	y5_raw	y5_norm	PMF_y5	y6_raw	y6_norm	PMF_y6
0.500000	0.000000	0.000000	19.430994	0.000000	0.000000	19.480986	0.000010	0.000014	17.409717	0.000000	0.000000	19.355819	0.000000	0.000000	19.473896	0.000000	0.000000	19.492863
1.500000	0.000000	0.000000	19.430994	0.000000	0.000000	19.480986	0.000010	0.000014	17.409717	0.000010	0.000012	17.280169	0.000000	0.000000	19.473896	0.000000	0.000000	19.492863
2.500000	0.000000	0.000000	19.430994	0.000000	0.000000	19.480986	0.000010	0.000014	17.409717	0.000010	0.000012	17.280169	0.000010	0.000013	17.277298	0.000000	0.000000	19.492863
3.500000	0.000020	0.000027	16.086567	0.000000	0.000000	19.480986	0.000010	0.000014	17.409717	0.000030	0.000037	15.360427	0.000020	0.000027	16.108892	0.000000	0.000000	19.492863
4.500000	0.000040	0.000053	14.678613	0.000020	0.000027	16.125252	0.000020	0.000029	16.217177	0.000060	0.000074	13.863037	0.000060	0.000081	13.790981	0.000010	0.000013	17.324060
5.500000	0.000110	0.000146	12.344846	0.000050	0.000067	14.222834	0.000030	0.000043	15.405013	0.000100	0.000124	12.671835	0.000150	0.000202	11.605790	0.000050	0.000066	14.265943
6.500000	0.000330	0.000439	9.625669	0.000200	0.000268	10.914303	0.000110	0.000157	12.437663	0.000230	0.000285	10.636432	0.000350	0.000471	9.492524	0.000150	0.000198	11.671095
7.500000	0.000910	0.001211	7.048188	0.000590	0.000790	8.188221	0.000350	0.000500	9.562427	0.000590	0.000730	8.262405	0.000890	0.001197	7.119858	0.000400	0.000528	9.221806
8.500000	0.002300	0.003060	4.671220	0.001490	0.001994	5.820093	0.000920	0.001315	7.103068	0.001410	0.001745	6.037301	0.002090	0.002811	4.931878	0.001030	0.001359	6.813504
9.500000	0.005010	0.006665	2.669237	0.003150	0.004216	3.897415	0.002160	0.003087	4.914526	0.003240	0.004009	3.901305	0.004490	0.006039	2.965904	0.002380	0.003141	4.665572
10.500000	0.009160	0.012186	1.115794	0.005590	0.007481	2.421776	0.004340	0.006203	3.120328	0.006150	0.007610	2.252579	0.008160	0.010975	1.428140	0.004620	0.006098	2.960006
11.500000	0.014380	0.019130	-0.045799	0.008600	0.011510	1.312706	0.007280	0.010405	1.788858	0.009990	0.012362	1.003528	0.012770	0.017175	0.274713	0.007560	0.009978	1.692368
12.500000	0.019310	0.025688	-0.805216	0.011480	0.015364	0.568818	0.010550	0.015079	0.833445	0.014160	0.017523	0.105071	0.017320	0.023295	-0.510371	0.010540	0.013911	0.836631
13.500000	0.022520	0.029958	-1.201418	0.013320	0.017827	0.185901	0.013000	0.018581	0.295558	0.017440	0.021581	-0.431629	0.020330	0.027343	-0.923189	0.012800	0.016894	0.336265
14.500000	0.023020	0.030624	-1.257997	0.013640	0.018255	0.124749	0.014040	0.020067	0.097306	0.018700	0.023141	-0.611337	0.020770	0.027935	-0.978355	0.013340	0.017606	0.229826
15.500000	0.020830	0.027710	-1.000431	0.012100	0.016194	0.433338	0.013230	0.018910	0.250381	0.017270	0.021371	-0.406395	0.018660	0.025097	-0.702356	0.011700	0.015442	0.567712
16.500000	0.016880	0.022455	-0.458724	0.009620	0.012875	1.024070	0.010880	0.015551	0.754114	0.014110	0.017461	0.114182	0.014690	0.019758	-0.086094	0.009010	0.011892	1.240553
17.500000	0.012300	0.016363	0.356654	0.006930	0.009275	1.868621	0.008100	0.011577	1.514021	0.010280	0.012721	0.929834	0.010630	0.014297	0.747143	0.006260	0.008262	2.178153
18.500000	0.008420	0.011201	1.332714	0.004970	0.006652	2.724337	0.005640	0.008061	2.445996	0.007140	0.008836	1.868352	0.007360	0.009899	1.693825	0.004320	0.005702	3.132754
19.500000	0.005790	0.007702	2.296826	0.003770	0.005046	3.435341	0.003890	0.005560	3.401977	0.004960	0.006138	2.806015	0.005290	0.007115	2.543953	0.003220	0.004250	3.888626
20.500000	0.004540	0.006040	2.922728	0.003460	0.004631	3.656036	0.003250	0.004645	3.864354	0.004070	0.005037	3.314800	0.004300	0.005783	3.077153	0.003010	0.003973	4.062023
21.500000	0.004320	0.005747	3.050532	0.003940	0.005273	3.321885	0.003480	0.004974	3.688488	0.004260	0.005272	3.197434	0.004250	0.005716	3.107246	0.003580	0.004725	3.616084
22.500000	0.004800	0.006385	2.779430	0.004980	0.006665	2.719165	0.004440	0.006346	3.061710	0.005320	0.006583	2.625711	0.004990	0.006711	2.694207	0.004690	0.006190	2.921311
23.500000	0.006080	0.008088	2.171024	0.006440	0.008619	2.057409	0.005890	0.008419	2.334348	0.006960	0.008613	1.934085	0.006330	0.008514	2.081961	0.006260	0.008262	2.178153
24.500000	0.007810	0.010390	1.526363	0.008200	0.010974	1.435351	0.007720	0.011034	1.637752	0.008900	0.011013	1.301041	0.008100	0.010894	1.447143	0.008140	0.010743	1.502038
25.500000	0.009670	0.012864	0.976259	0.009970	0.013343	0.932035	0.009380	0.013407	1.136188	0.010760	0.013315	0.812307	0.009620	0.012939	1.004265	0.010090	0.013317	0.949005
26.500000	0.011300	0.015032	0.575065	0.011560	0.015471	0.550931	0.011050	0.015794	0.714180	0.012490	0.015456	0.428312	0.011000	0.014795	0.659020	0.011810	0.015587	0.543609
27.500000	0.012570	0.016722	0.300725	0.012910	0.017278	0.266435	0.012330	0.017623	0.431860	0.013750	0.017015	0.180755	0.011850	0.015938	0.467307	0.013080	0.017263	0.280526
28.500000	0.013470	0.017919	0.122599	0.013900	0.018603	0.076110	0.013140	0.018781	0.267965	0.014640	0.018117	0.019200	0.012580	0.016920	0.313326	0.014040	0.018530	0.098085
29.500000	0.013970	0.018584	0.028714	0.014390	0.019259	-0.013134	0.013730	0.019624	0.154821	0.015150	0.018748	-0.069008	0.013040	0.017538	0.220819	0.014690	0.019388	-0.018495
30.500000	0.014150	0.018824	-0.004265	0.014740	0.019727	-0.075039	0.014060	0.020096	0.093639	0.015370	0.019020	-0.106146	0.013170	0.017713	0.195267	0.015080	0.019903	-0.085993
31.500000	0.014110	0.018771	0.003028	0.014760	0.019754	-0.078532	0.014190	0.020282	0.069930	0.015130	0.018723	-0.065605	0.013170	0.017713	0.195267	0.015130	0.019969	-0.094520
32.500000	0.013970	0.018584	0.028714	0.014720	0.019700	-0.071542	0.014280	0.020410	0.053642	0.015200	0.018810	-0.077496	0.013300	0.017888	0.169965	0.015200	0.020061	-0.106411
33.500000	0.013800	0.018358	0.060253	0.014690	0.019660	-0.066286	0.014260	0.020382	0.057253	0.015150	0.018748	-0.069008	0.013320	0.017915	0.166094	0.015120	0.019956	-0.092817
34.500000	0.013890	0.018478	0.043508	0.014600	0.019540	-0.050455	0.014300	0.020439	0.050037	0.015090	0.018673	-0.058786	0.013230	0.017794	0.183558	0.015000	0.019797	-0.072291
35.500000	0.013830	0.018398	0.054659	0.014530	0.019446	-0.038075	0.014410	0.020596	0.030297	0.014890	0.018426	-0.024417	0.013400	0.018023	0.150669	0.014890	0.019652	-0.053330
36.500000	0.013960	0.018571	0.030559	0.014430	0.019312	-0.020285	0.014270	0.020396	0.055447	0.014750	0.018253	-0.000083	0.013600	0.018292	0.112507	0.014760	0.019481	-0.030741
37.500000	0.013920	0.018518	0.037950	0.014310	0.019152	0.001227	0.014280	0.020410	0.053642	0.014770	0.018277	-0.003573	0.013580	0.018265	0.116298	0.014760	0.019481	-0.030741
38.500000	0.013810	0.018371	0.058387	0.014260	0.019085	0.010243	0.014330	0.020482	0.044638	0.014730	0.018228	0.003413	0.013620	0.018319	0.108722	0.014790	0.019520	-0.035972
39.500000	0.013810	0.018371	0.058387	0.014290	0.019125	0.004830	0.014350	0.020511	0.041045	0.014640	0.018117	0.019200	0.013720	0.018453	0.089878	0.014670	0.019362	-0.014986
40.500000	0.013810	0.018371	0.058387	0.014260	0.019085	0.010243	0.014380	0.020553	0.035666	0.014650	0.018129	0.017441	0.013800	0.018561	0.074901	0.014500	0.019137	0.015040
41.500000	0.013910	0.018504	0.039801	0.014220	0.019031	0.017479	0.014450	0.020653	0.023156	0.014760	0.018265	-0.001828	0.013960	0.018776	0.045207	0.014530	0.019177	0.009716
42.500000	0.013990	0.018611	0.025029	0.014310	0.019152	0.001227	0.014510	0.020739	0.012481	0.014700	0.018191	0.008664	0.014000	0.018830	0.037836	0.014510	0.019151	0.013264
43.500000	0.013890	0.018478	0.043508	0.014300	0.019138	0.003028	0.014620	0.020896	-0.006974	0.014660	0.018141	0.015683	0.014120	0.018991	0.015851	0.014630	0.019309	-0.007952
44.500000	0.014150	0.018824	-0.004265	0.014410	0.019286	-0.016712	0.014670	0.020968	-0.015769	0.014660	0.018141	0.015683	0.014230	0.019139	-0.004139	0.014610	0.019283	-0.004428
45.500000	0.014280	0.018997	-0.027823	0.014400	0.019272	-0.014924	0.014840	0.021211	-0.045451	0.014600	0.018067	0.026247	0.014240	0.019152	-0.005949	0.014560	0.019217	0.004403
46.500000	0.014390	0.019143	-0.047590	0.014450	0.019339	-0.023853	0.014650	0.020939	-0.012255	0.014730	0.018228	0.003413	0.014320	0.019260	-0.020380	0.014650	0.019335	-0.011471
47.500000	0.014250	0.018957	-0.022405	0.014290	0.019125	0.004830	0.014640	0.020925	-0.010496	0.014840	0.018364	-0.015752	0.014370	0.019327	-0.029359	0.014610	0.019283	-0.004428
48.500000	0.014340	0.019077	-0.038624	0.014260	0.019085	0.010243	0.014510	0.020739	0.012481	0.014960	0.018513	-0.036498	0.014480	0.019475	-0.049003	0.014620	0.019296	-0.006191
49.500000	0.014270	0.018983	-0.026018	0.014270	0.019098	0.008438	0.014540	0.020782	0.007161	0.014940	0.018488	-0.033052	0.014570	0.019596	-0.064965	0.014630	0.019309	-0.007952
50.500000	0.014260	0.018970	-0.024212	0.014360	0.019219	-0.007758	0.014640	0.020925	-0.010496	0.014940	0.018488	-0.033052	0.014740	0.019825	-0.094847	0.014700	0.019401	-0.020248
51.500000	0.014240	0.018943	-0.020597	0.014300	0.019138	0.003028	0.014360	0.020525	0.039251	0.014750	0.018253	-0.000083	0.014740	0.019825	-0.094847	0.014640	0.019322	-0.009712
52.500000	0.014240	0.018943	-0.020597	0.014370	0.019232	-0.009551	0.014260	0.020382	0.057253	0.014640	0.018117	0.019200	0.014900	0.020040	-0.122659	0.014730	0.019441	-0.025500
53.500000	0.014210	0.018904	-0.015164	0.014220	0.019031	0.017479	0.014290	0.020425	0.051839	0.014450	0.017881	0.052849	0.014950	0.020107	-0.131289	0.014710	0.019415	-0.022000
54.500000	0.014230	0.018930	-0.018787	0.014210	0.019018	0.019291	0.014390	0.020568	0.033875	0.014440	0.017869	0.054632	0.015030	0.020215	-0.145037	0.014700	0.019401	-0.020248
55.500000	0.014160	0.018837	-0.006084	0.014220	0.019031	0.017479	0.014350	0.020511	0.041045	0.014490	0.017931	0.045728	0.014910	0.020054	-0.124387	0.014630	0.019309	-0.007952
56.500000	0.014060	0.018704	0.012172	0.014190	0.018991	0.022920	0.014330	0.020482	0.044638	0.014470	0.017906	0.049286	0.015010	0.020188	-0.141607	0.014620	0.019296	-0.006191
57.500000	0.013900	0.018491	0.041654	0.014120	0.018897	0.035658	0.014490	0.020711	0.016035	0.014370	0.017782	0.067150	0.014970	0.020134	-0.134733	0.014630	0.019309	-0.007952
58.500000	0.013860	0.018438	0.049077	0.014170	0.018964	0.026553	0.014590	0.020854	-0.001683	0.014500	0.017943	0.043951	0.015120	0.020336	-0.160417	0.014700	0.019401	-0.020248
59.500000	0.013610	0.018105	0.095965	0.014170	0.018964	0.026553	0.014540	0.020782	0.007161	0.014640	0.018117	0.019200	0.015230	0.020484	-0.179090	0.014750	0.019467	-0.028995
60.500000	0.013730	0.018265	0.073352	0.014100	0.018871	0.039310	0.014470	0.020682	0.019593	0.014750	0.018253	-0.000083	0.015020	0.020201	-0.143323	0.014700	0.019401	-0.020248
61.500000	0.013530	0.017999	0.111151	0.014140	0.018924	0.032012	0.014450	0.020653	0.023156	0.014630	0.018104	0.020960	0.014660	0.019717	-0.080828	0.014780	0.019507	-0.034229
62.500000	0.012810	0.017041	0.252008	0.014100	0.018871	0.039310	0.013930	0.019910	0.117568	0.014830	0.018352	-0.014016	0.013990	0.018816	0.039677	0.014850	0.019599	-0.046401
63.500000	0.011700	0.015565	0.485468	0.014020	0.018764	0.053967	0.012940	0.018495	0.307474	0.014970	0.018525	-0.038220	0.012640	0.017000	0.301070	0.014750	0.019467	-0.028995
64.500000	0.009890	0.013157	0.918325	0.013860	0.018549	0.083533	0.011120	0.015894	0.697914	0.015050	0.018624	-0.051949	0.010760	0.014472	0.715837	0.014620	0.019296	-0.006191
65.500000	0.007790	0.010363	1.532965	0.013360	0.017880	0.178178	0.008680	0.012406	1.335927	0.014770	0.018277	-0.003573	0.008310	0.011177	1.381235	0.014130	0.018649	0.081625
66.500000	0.005390	0.007170	2.481082	0.012560	0.016810	0.337231	0.005900	0.008433	2.329981	0.014020	0.017349	0.130665	0.005720	0.007693	2.342804	0.013180	0.017395	0.260908
67.500000	0.003240	0.004310	3.790495	0.011050	0.014789	0.667145	0.003550	0.005074	3.637262	0.012440	0.015394	0.438643	0.003430	0.004613	3.658645	0.011720	0.015468	0.563312
68.500000	0.001560	0.002075	5.667824	0.009020	0.012072	1.189917	0.001750	0.002501	5.455087	0.010260	0.012696	0.934849	0.001830	0.002461	5.272975	0.009490	0.012525	1.106890
69.500000	0.000660	0.000878	7.868055	0.006620	0.008860	1.986442	0.000740	0.001058	7.659488	0.007540	0.009331	1.728017	0.000850	0.001143	7.237373	0.007050	0.009305	1.872192
70.500000	0.000200	0.000266	10.879294	0.004210	0.005634	3.151367	0.000260	0.000372	10.311120	0.004910	0.006076	2.832085	0.000310	0.000417	9.798404	0.004660	0.006150	2.937824
71.500000	0.000040	0.000053	14.678613	0.002390	0.003199	4.607103	0.000070	0.000100	13.515982	0.002750	0.003403	4.322776	0.000080	0.000108	13.121566	0.002700	0.003564	4.341407
72.500000	0.000010	0.000013	17.250572	0.001080	0.001445	6.644643	0.000010	0.000014	17.409717	0.001310	0.001621	6.225776	0.000010	0.000013	17.277298	0.001360	0.001795	6.101765
73.500000	0.000000	0.000000	19.430994	0.000420	0.000562	9.051163	0.000000	0.000000	19.697379	0.000530	0.000656	8.534874	0.000000	0.000000	19.473896	0.000570	0.000752	8.323314
74.500000	0.000000	0.000000	19.430994	0.000130	0.000174	11.975075	0.000000	0.000000	19.697379	0.000190	0.000235	11.110495	0.000000	0.000000	19.473896	0.000210	0.000277	10.839544
75.500000	0.000000	0.000000	19.430994	0.000030	0.000040	15.325174	0.000000	0.000000	19.697379	0.000050	0.000062	14.272472	0.000000	0.000000	19.473896	0.000060	0.000079	13.853195
76.500000	0.000000	0.000000	19.430994	0.000000	0.000000	19.480986	0.000000	0.000000	19.697379	0.000010	0.000012	17.280169	0.000000	0.000000	19.473896	0.000010	0.000013	17.324060
77.500000	0.000000	0.000000	19.430994	0.000000	0.000000	19.480986	0.000000	0.000000	19.697379	0.000000	0.000000	19.355819	0.000000	0.000000	19.473896	0.000000	0.000000	19.492863
78.500000	0.000000	0.000000	19.430994	0.000000	0.000000	19.480986	0.000000	0.000000	19.697379	0.000000	0.000000	19.355819	0.000000	0.000000	19.473896	0.000000	0.000000	19.492863
79.500000	0.000000	0.000000	19.430994	0.000000	0.000000	19.480986	0.000000	0.000000	19.697379	0.000000	0.000000	19.355819	0.000000	0.000000	19.473896	0.000000	0.000000	19.492863
