x	y1_raw	y1_norm	PMF_y1	y2_raw	y2_norm	PMF_y2	y3_raw	y3_norm	PMF_y3	y4_raw	y4_norm	PMF_y4	y5_raw	y5_norm	PMF_y5	y6_raw	y6_norm	PMF_y6
0.500000	0.004700	0.003849	-6.642766	0.004930	0.003784	-7.958383	0.005560	0.004463	-8.642785	0.005470	0.004267	-10.678414	0.006240	0.004774	-7.746076	0.006190	0.005095	-10.443210
1.500000	0.004880	0.003996	-6.739383	0.005440	0.004175	-8.211459	0.005970	0.004793	-8.825764	0.005740	0.004478	-10.802309	0.006750	0.005164	-7.948150	0.006590	0.005424	-10.604292
2.500000	0.005620	0.004603	-7.102422	0.006450	0.004950	-8.649418	0.007050	0.005660	-9.253504	0.006620	0.005164	-11.169167	0.007870	0.006021	-8.343103	0.007610	0.006263	-10.974560
3.500000	0.007600	0.006224	-7.878849	0.008560	0.006570	-9.377576	0.009350	0.007506	-9.980094	0.008470	0.006607	-11.803226	0.010350	0.007918	-9.048086	0.009450	0.007778	-11.531887
4.500000	0.011950	0.009786	-9.043804	0.013260	0.010177	-10.504165	0.013910	0.011167	-11.002771	0.012540	0.009782	-12.813292	0.014920	0.011414	-9.989664	0.013380	0.011012	-12.427176
5.500000	0.020450	0.016748	-10.427391	0.022280	0.017100	-11.840619	0.022430	0.018006	-12.233325	0.020400	0.015913	-14.066440	0.023530	0.018002	-11.163007	0.021120	0.017383	-13.602770
6.500000	0.035250	0.028868	-11.830062	0.037560	0.028828	-13.186022	0.037010	0.029710	-13.523465	0.034330	0.026780	-15.407249	0.038210	0.029232	-12.412006	0.034640	0.028510	-14.877430
7.500000	0.057510	0.047098	-13.091307	0.060570	0.046488	-14.417291	0.059040	0.047395	-14.726828	0.055630	0.043395	-16.650971	0.060060	0.045949	-13.577279	0.055200	0.045432	-16.078015
8.500000	0.086080	0.070496	-14.130614	0.090090	0.069145	-15.440337	0.087210	0.070009	-15.732083	0.085270	0.066516	-17.751546	0.088790	0.067928	-14.584657	0.082120	0.067588	-17.101596
9.500000	0.116800	0.095654	-14.917086	0.121880	0.093544	-16.219184	0.117150	0.094044	-16.492655	0.119090	0.092898	-18.612414	0.120080	0.091867	-15.362616	0.112200	0.092346	-17.905885
10.500000	0.142480	0.116685	-15.429254	0.150090	0.115195	-16.755729	0.142990	0.114788	-17.006320	0.148940	0.116182	-19.188817	0.147490	0.112837	-15.892471	0.139930	0.115169	-18.475060
11.500000	0.156370	0.128060	-15.668987	0.166700	0.127943	-17.026227	0.157560	0.126484	-17.256383	0.166840	0.130145	-19.481300	0.162790	0.124542	-16.146834	0.156540	0.128840	-18.764134
12.500000	0.154530	0.126553	-15.638482	0.165280	0.126854	-17.004180	0.155450	0.124790	-17.221637	0.166590	0.129950	-19.477435	0.161230	0.123348	-16.122019	0.155950	0.128354	-18.754403
13.500000	0.135460	0.110935	-15.299045	0.145380	0.111580	-16.673561	0.137570	0.110437	-16.906736	0.148070	0.115504	-19.173719	0.142430	0.108966	-15.802505	0.137380	0.113070	-18.427663
14.500000	0.105150	0.086113	-14.646301	0.113190	0.086874	-16.028561	0.107600	0.086378	-16.273517	0.116160	0.090612	-18.548217	0.112980	0.086435	-15.205552	0.106600	0.087737	-17.773942
15.500000	0.072320	0.059227	-13.681771	0.078000	0.059866	-15.068999	0.075030	0.060232	-15.344431	0.080110	0.062491	-17.590689	0.080420	0.061525	-14.329511	0.072750	0.059877	-16.789394
16.500000	0.043930	0.035977	-12.397240	0.048230	0.037017	-13.830267	0.046670	0.037465	-14.121005	0.048820	0.038083	-16.314498	0.051240	0.039201	-13.168033	0.044080	0.036280	-15.498368
17.500000	0.024020	0.019671	-10.841866	0.027090	0.020792	-12.344157	0.025900	0.020792	-12.603867	0.026600	0.020750	-14.750028	0.029100	0.022263	-11.710320	0.024300	0.020000	-13.964063
18.500000	0.012070	0.009885	-9.069530	0.014110	0.010830	-10.664147	0.013060	0.010484	-10.840409	0.013000	0.010141	-12.906049	0.014840	0.011353	-9.975820	0.012300	0.010123	-12.210467
19.500000	0.005710	0.004676	-7.143281	0.006870	0.005273	-8.811690	0.006140	0.004929	-8.897982	0.005960	0.004649	-10.899034	0.007240	0.005539	-8.128430	0.005800	0.004774	-10.275823
20.500000	0.002740	0.002244	-5.256795	0.003470	0.002663	-7.056118	0.002940	0.002360	-7.005663	0.002690	0.002098	-8.855400	0.003510	0.002685	-6.267354	0.002640	0.002173	-8.253694
21.500000	0.001390	0.001138	-3.518754	0.001800	0.001382	-5.373364	0.001500	0.001204	-5.281674	0.001210	0.000944	-6.811218	0.001910	0.001461	-4.707007	0.001260	0.001037	-6.360219
22.500000	0.000860	0.000704	-2.295099	0.001070	0.000821	-4.045423	0.000890	0.000714	-3.950814	0.000560	0.000437	-4.856708	0.001270	0.000972	-3.664043	0.000710	0.000584	-4.900850
23.500000	0.000630	0.000516	-1.506138	0.000740	0.000568	-3.108783	0.000610	0.000490	-2.993470	0.000270	0.000211	-3.037720	0.001020	0.000780	-3.105480	0.000480	0.000395	-3.912571
24.500000	0.000520	0.000426	-1.021915	0.000570	0.000437	-2.449328	0.000480	0.000385	-2.389683	0.000170	0.000133	-1.913202	0.000850	0.000650	-2.642090	0.000370	0.000305	-3.260580
25.500000	0.000470	0.000385	-0.767639	0.000460	0.000353	-1.910457	0.000410	0.000329	-1.994527	0.000120	0.000094	-1.089721	0.000760	0.000581	-2.358257	0.000290	0.000239	-2.655190
26.500000	0.000440	0.000360	-0.602089	0.000380	0.000292	-1.432945	0.000340	0.000273	-1.527618	0.000090	0.000070	-0.429880	0.000690	0.000528	-2.113634	0.000210	0.000173	-1.862475
27.500000	0.000390	0.000319	-0.300097	0.000280	0.000215	-0.676208	0.000320	0.000257	-1.377055	0.000070	0.000055	0.127628	0.000670	0.000513	-2.039255	0.000160	0.000132	-1.205288
28.500000	0.000360	0.000295	-0.100311	0.000230	0.000177	-0.194012	0.000290	0.000233	-1.133312	0.000070	0.000055	0.127628	0.000560	0.000428	-1.586702	0.000140	0.000115	-0.886988
29.500000	0.000330	0.000270	0.116271	0.000200	0.000154	0.145559	0.000260	0.000209	-0.864087	0.000070	0.000055	0.127628	0.000450	0.000344	-1.037395	0.000120	0.000099	-0.523766
30.500000	0.000330	0.000270	0.116271	0.000170	0.000130	0.536757	0.000230	0.000185	-0.563424	0.000060	0.000047	0.459280	0.000410	0.000314	-0.804557	0.000120	0.000099	-0.523766
31.500000	0.000320	0.000262	0.192708	0.000170	0.000130	0.536757	0.000200	0.000161	-0.222996	0.000050	0.000039	0.840000	0.000370	0.000283	-0.548577	0.000110	0.000091	-0.320961
32.500000	0.000310	0.000254	0.271481	0.000170	0.000130	0.536757	0.000180	0.000144	0.031817	0.000050	0.000039	0.840000	0.000360	0.000275	-0.480402	0.000110	0.000091	-0.320961
33.500000	0.000310	0.000254	0.271481	0.000180	0.000138	0.399653	0.000170	0.000136	0.169340	0.000050	0.000039	0.840000	0.000350	0.000268	-0.410375	0.000100	0.000082	-0.100823
34.500000	0.000320	0.000262	0.192708	0.000170	0.000130	0.536757	0.000160	0.000128	0.314616	0.000040	0.000031	1.286872	0.000370	0.000283	-0.548577	0.000110	0.000091	-0.320961
35.500000	0.000310	0.000254	0.271481	0.000160	0.000123	0.681565	0.000150	0.000120	0.468572	0.000040	0.000031	1.286872	0.000360	0.000275	-0.480402	0.000110	0.000091	-0.320961
36.500000	0.000330	0.000270	0.116271	0.000160	0.000123	0.681565	0.000150	0.000120	0.468572	0.000050	0.000039	0.840000	0.000370	0.000283	-0.548577	0.000110	0.000091	-0.320961
37.500000	0.000320	0.000262	0.192708	0.000170	0.000130	0.536757	0.000150	0.000120	0.468572	0.000050	0.000039	0.840000	0.000350	0.000268	-0.410375	0.000110	0.000091	-0.320961
38.500000	0.000300	0.000246	0.352738	0.000170	0.000130	0.536757	0.000140	0.000112	0.632313	0.000060	0.000047	0.459280	0.000340	0.000260	-0.338392	0.000100	0.000082	-0.100823
39.500000	0.000300	0.000246	0.352738	0.000170	0.000130	0.536757	0.000150	0.000120	0.468572	0.000070	0.000055	0.127628	0.000330	0.000252	-0.264340	0.000090	0.000074	0.139887
40.500000	0.000300	0.000246	0.352738	0.000200	0.000154	0.145559	0.000160	0.000128	0.314616	0.000080	0.000062	-0.166171	0.000330	0.000252	-0.264340	0.000100	0.000082	-0.100823
41.500000	0.000320	0.000262	0.192708	0.000190	0.000146	0.269476	0.000170	0.000136	0.169340	0.000080	0.000062	-0.166171	0.000320	0.000245	-0.188098	0.000100	0.000082	-0.100823
42.500000	0.000320	0.000262	0.192708	0.000190	0.000146	0.269476	0.000180	0.000144	0.031817	0.000090	0.000070	-0.429880	0.000300	0.000230	-0.028495	0.000100	0.000082	-0.100823
43.500000	0.000320	0.000262	0.192708	0.000200	0.000154	0.145559	0.000200	0.000161	-0.222996	0.000080	0.000062	-0.166171	0.000290	0.000222	0.055173	0.000090	0.000074	0.139887
44.500000	0.000340	0.000278	0.042036	0.000210	0.000161	0.027327	0.000200	0.000161	-0.222996	0.000080	0.000062	-0.166171	0.000280	0.000214	0.141649	0.000090	0.000074	0.139887
45.500000	0.000360	0.000295	-0.100311	0.000230	0.000177	-0.194012	0.000210	0.000169	-0.341539	0.000080	0.000062	-0.166171	0.000280	0.000214	0.141649	0.000080	0.000066	0.405417
46.500000	0.000370	0.000303	-0.168642	0.000240	0.000184	-0.297939	0.000190	0.000153	-0.098737	0.000080	0.000062	-0.166171	0.000280	0.000214	0.141649	0.000090	0.000074	0.139887
47.500000	0.000390	0.000319	-0.300097	0.000220	0.000169	-0.085717	0.000180	0.000144	0.031817	0.000070	0.000055	0.127628	0.000290	0.000222	0.055173	0.000100	0.000082	-0.100823
48.500000	0.000380	0.000311	-0.235207	0.000220	0.000169	-0.085717	0.000170	0.000136	0.169340	0.000060	0.000047	0.459280	0.000290	0.000222	0.055173	0.000100	0.000082	-0.100823
49.500000	0.000370	0.000303	-0.168642	0.000230	0.000177	-0.194012	0.000170	0.000136	0.169340	0.000050	0.000039	0.840000	0.000310	0.000237	-0.109532	0.000110	0.000091	-0.320961
50.500000	0.000380	0.000311	-0.235207	0.000240	0.000184	-0.297939	0.000180	0.000144	0.031817	0.000040	0.000031	1.286872	0.000290	0.000222	0.055173	0.000110	0.000091	-0.320961
51.500000	0.000360	0.000295	-0.100311	0.000240	0.000184	-0.297939	0.000180	0.000144	0.031817	0.000040	0.000031	1.286872	0.000280	0.000214	0.141649	0.000120	0.000099	-0.523766
52.500000	0.000350	0.000287	-0.030120	0.000230	0.000177	-0.194012	0.000180	0.000144	0.031817	0.000030	0.000023	1.827822	0.000260	0.000199	0.323823	0.000120	0.000099	-0.523766
53.500000	0.000340	0.000278	0.042036	0.000230	0.000177	-0.194012	0.000160	0.000128	0.314616	0.000020	0.000016	2.513319	0.000230	0.000176	0.623769	0.000130	0.000107	-0.711770
54.500000	0.000360	0.000295	-0.100311	0.000230	0.000177	-0.194012	0.000150	0.000120	0.468572	0.000020	0.000016	2.513319	0.000220	0.000168	0.732044	0.000120	0.000099	-0.523766
55.500000	0.000350	0.000287	-0.030120	0.000230	0.000177	-0.194012	0.000130	0.000104	0.807166	0.000020	0.000016	2.513319	0.000200	0.000153	0.963277	0.000130	0.000107	-0.711770
56.500000	0.000330	0.000270	0.116271	0.000240	0.000184	-0.297939	0.000130	0.000104	0.807166	0.000020	0.000016	2.513319	0.000190	0.000145	1.087169	0.000140	0.000115	-0.886988
57.500000	0.000290	0.000237	0.436640	0.000250	0.000192	-0.397837	0.000120	0.000096	0.994750	0.000030	0.000023	1.827822	0.000170	0.000130	1.354392	0.000140	0.000115	-0.886988
58.500000	0.000240	0.000197	0.902777	0.000250	0.000192	-0.397837	0.000100	0.000080	1.416628	0.000050	0.000039	0.840000	0.000150	0.000115	1.652560	0.000170	0.000140	-1.350816
59.500000	0.000190	0.000156	1.472252	0.000280	0.000215	-0.676208	0.000080	0.000064	1.921342	0.000060	0.000047	0.459280	0.000120	0.000092	2.176540	0.000180	0.000148	-1.488564
60.500000	0.000120	0.000098	2.567398	0.000280	0.000215	-0.676208	0.000050	0.000040	2.932344	0.000070	0.000055	0.127628	0.000090	0.000069	2.834959	0.000180	0.000148	-1.488564
61.500000	0.000080	0.000066	3.496067	0.000290	0.000223	-0.762696	0.000020	0.000016	4.619377	0.000070	0.000055	0.127628	0.000050	0.000038	4.100836	0.000190	0.000156	-1.619322
62.500000	0.000030	0.000025	5.510007	0.000270	0.000207	-0.586717	0.000010	0.000008	5.568651	0.000070	0.000055	0.127628	0.000020	0.000015	5.764774	0.000190	0.000156	-1.619322
63.500000	0.000010	0.000008	7.164916	0.000240	0.000184	-0.297939	0.000000	0.000000	7.087537	0.000060	0.000047	0.459280	0.000010	0.000008	6.692820	0.000180	0.000148	-1.488564
64.500000	0.000010	0.000008	7.164916	0.000190	0.000146	0.269476	0.000000	0.000000	7.087537	0.000050	0.000039	0.840000	0.000000	0.000000	8.157206	0.000150	0.000123	-1.051049
65.500000	0.000000	0.000000	8.706839	0.000120	0.000092	1.359127	0.000000	0.000000	7.087537	0.000030	0.000023	1.827822	0.000000	0.000000	8.157206	0.000110	0.000091	-0.320961
66.500000	0.000000	0.000000	8.706839	0.000070	0.000054	2.574024	0.000000	0.000000	7.087537	0.000020	0.000016	2.513319	0.000000	0.000000	8.157206	0.000060	0.000049	1.036015
67.500000	0.000000	0.000000	8.706839	0.000040	0.000031	3.729573	0.000000	0.000000	7.087537	0.000010	0.000008	3.449943	0.000000	0.000000	8.157206	0.000030	0.000025	2.421368
68.500000	0.000000	0.000000	8.706839	0.000010	0.000008	5.879280	0.000000	0.000000	7.087537	0.000000	0.000000	4.936161	0.000000	0.000000	8.157206	0.000010	0.000008	4.079621
69.500000	0.000000	0.000000	8.706839	0.000010	0.000008	5.879280	0.000000	0.000000	7.087537	0.000000	0.000000	4.936161	0.000000	0.000000	8.157206	0.000000	0.000000	5.627336
70.500000	0.000000	0.000000	8.706839	0.000000	0.000000	7.347256	0.000000	0.000000	7.087537	0.000000	0.000000	4.936161	0.000000	0.000000	8.157206	0.000000	0.000000	5.627336
71.500000	0.000000	0.000000	8.706839	0.000000	0.000000	7.347256	0.000000	0.000000	7.087537	0.000000	0.000000	4.936161	0.000000	0.000000	8.157206	0.000000	0.000000	5.627336
72.500000	0.000000	0.000000	8.706839	0.000000	0.000000	7.347256	0.000000	0.000000	7.087537	0.000000	0.000000	4.936161	0.000000	0.000000	8.157206	0.000000	0.000000	5.627336
