x	y1_raw	y1_norm	PMF_y1	y2_raw	y2_norm	PMF_y2	y3_raw	y3_norm	PMF_y3	y4_raw	y4_norm	PMF_y4	y5_raw	y5_norm	PMF_y5	y6_raw	y6_norm	PMF_y6
0.500000	0.000000	0.000000	19.853076	0.000000	0.000000	19.630604	0.000000	0.000000	19.861050	0.000000	0.000000	19.663425	0.000000	0.000000	19.854130	0.000000	0.000000	19.485243
1.500000	0.000000	0.000000	19.853076	0.000000	0.000000	19.630604	0.000000	0.000000	19.861050	0.000000	0.000000	19.663425	0.000000	0.000000	19.854130	0.000000	0.000000	19.485243
2.500000	0.000000	0.000000	19.853076	0.000000	0.000000	19.630604	0.000000	0.000000	19.861050	0.000000	0.000000	19.663425	0.000010	0.000008	18.399034	0.000000	0.000000	19.485243
3.500000	0.000000	0.000000	19.853076	0.000000	0.000000	19.630604	0.000000	0.000000	19.861050	0.000000	0.000000	19.663425	0.000040	0.000030	16.258861	0.000010	0.000007	18.078214
4.500000	0.000000	0.000000	19.853076	0.000000	0.000000	19.630604	0.000010	0.000008	18.347607	0.000000	0.000000	19.663425	0.000100	0.000076	14.312217	0.000030	0.000022	16.504700
5.500000	0.000010	0.000008	18.360229	0.000010	0.000007	18.269168	0.000050	0.000040	15.715651	0.000010	0.000007	18.301282	0.000210	0.000159	12.562211	0.000080	0.000058	14.541044
6.500000	0.000040	0.000031	16.192342	0.000030	0.000021	16.724760	0.000120	0.000096	13.779350	0.000070	0.000049	15.099807	0.000390	0.000296	11.037963	0.000210	0.000153	12.299346
7.500000	0.000160	0.000126	13.134707	0.000110	0.000077	14.068272	0.000270	0.000216	11.828223	0.000230	0.000160	12.358671	0.000680	0.000516	9.641287	0.000490	0.000356	10.207833
8.500000	0.000370	0.000290	11.084295	0.000330	0.000230	11.443355	0.000490	0.000391	10.343954	0.000550	0.000383	10.201307	0.001160	0.000880	8.285133	0.000940	0.000683	8.562711
9.500000	0.000880	0.000690	8.901461	0.000800	0.000557	9.225040	0.000910	0.000727	8.778279	0.001080	0.000752	8.494507	0.001920	0.001457	6.997886	0.001790	0.001300	6.920400
10.500000	0.001740	0.001365	7.162691	0.001620	0.001127	7.429669	0.001810	0.001446	7.023450	0.001820	0.001267	7.163244	0.003080	0.002337	5.786450	0.003190	0.002317	5.439849
11.500000	0.003150	0.002472	5.641397	0.002910	0.002025	5.930116	0.003540	0.002828	5.303235	0.002830	0.001971	6.032713	0.004670	0.003543	4.717427	0.005310	0.003856	4.130938
12.500000	0.005080	0.003986	4.413612	0.004750	0.003306	4.672152	0.006130	0.004898	3.891939	0.004340	0.003022	4.935179	0.006460	0.004901	3.883168	0.007740	0.005621	3.161865
13.500000	0.007340	0.005759	3.467067	0.006910	0.004809	3.708531	0.009040	0.007223	2.892425	0.006310	0.004394	3.973236	0.008530	0.006472	3.168044	0.010290	0.007473	2.429048
14.500000	0.009660	0.007580	2.760261	0.009100	0.006333	3.000265	0.011950	0.009548	2.174030	0.008450	0.005885	3.222056	0.010640	0.008073	2.599160	0.012910	0.009375	1.845130
15.500000	0.011710	0.009188	2.264848	0.010700	0.007446	2.583422	0.014040	0.011217	1.759018	0.010270	0.007152	2.720093	0.012220	0.009271	2.242731	0.014800	0.010748	1.493352
16.500000	0.012990	0.010193	1.997759	0.011540	0.008031	2.388890	0.014880	0.011889	1.609384	0.011600	0.008078	2.406642	0.012640	0.009590	2.155729	0.015750	0.011438	1.333152
17.500000	0.013570	0.010648	1.885285	0.011660	0.008115	2.362261	0.015110	0.012072	1.569884	0.012080	0.008412	2.302268	0.012890	0.009780	2.105303	0.015340	0.011140	1.401073
18.500000	0.013400	0.010514	1.917746	0.010940	0.007614	2.526328	0.014730	0.011769	1.635475	0.011990	0.008350	2.321519	0.012740	0.009666	2.135440	0.013950	0.010130	1.645650
19.500000	0.012670	0.009941	2.061982	0.010080	0.007015	2.737053	0.013720	0.010962	1.818387	0.011830	0.008238	2.356102	0.012260	0.009302	2.234317	0.012400	0.009005	1.948899
20.500000	0.011870	0.009314	2.229908	0.009620	0.006695	2.857262	0.012930	0.010331	1.971091	0.011770	0.008197	2.369191	0.012070	0.009157	2.274529	0.011140	0.008090	2.224748
21.500000	0.011740	0.009212	2.258260	0.009630	0.006702	2.854588	0.012800	0.010227	1.997110	0.012180	0.008482	2.281045	0.012720	0.009651	2.139485	0.010700	0.007770	2.328480
22.500000	0.012440	0.009761	2.109150	0.010840	0.007544	2.549964	0.013300	0.010626	1.898444	0.013680	0.009527	1.982047	0.014220	0.010789	1.852460	0.011470	0.008330	2.149600
23.500000	0.014170	0.011118	1.773877	0.012850	0.008943	2.112090	0.014770	0.011801	1.628492	0.016260	0.011323	1.537180	0.016640	0.012625	1.447753	0.013420	0.009746	1.745378
24.500000	0.016610	0.013033	1.364735	0.015490	0.010780	1.631002	0.016950	0.013542	1.273951	0.019190	0.013364	1.110511	0.019760	0.014992	1.005158	0.016260	0.011808	1.251088
25.500000	0.019220	0.015081	0.988850	0.018160	0.012638	1.221488	0.019490	0.015572	0.914315	0.022050	0.015356	0.752708	0.022770	0.017276	0.639959	0.019180	0.013929	0.825747
26.500000	0.021940	0.017215	0.647925	0.020640	0.014364	0.891808	0.021920	0.017513	0.611666	0.024390	0.016985	0.492917	0.025370	0.019248	0.361441	0.021790	0.015824	0.497144
27.500000	0.023940	0.018784	0.423204	0.022840	0.015895	0.630942	0.023920	0.019111	0.386748	0.026180	0.018232	0.310487	0.027280	0.020697	0.174455	0.023950	0.017393	0.253688
28.500000	0.025580	0.020071	0.252517	0.024420	0.016995	0.458651	0.025170	0.020110	0.255530	0.027450	0.019116	0.188463	0.028430	0.021570	0.068084	0.025520	0.018533	0.090133
29.500000	0.026620	0.020887	0.149855	0.025460	0.017718	0.351222	0.026130	0.020877	0.159104	0.028390	0.019771	0.101726	0.029360	0.022275	-0.014838	0.026490	0.019237	-0.005964
30.500000	0.026830	0.021052	0.129613	0.026170	0.018213	0.280371	0.026590	0.021244	0.114148	0.028740	0.020014	0.070162	0.029870	0.022662	-0.059204	0.026880	0.019520	-0.043613
31.500000	0.026870	0.021083	0.125775	0.026870	0.018700	0.212375	0.027150	0.021692	0.060457	0.029060	0.020237	0.041638	0.029940	0.022715	-0.065234	0.027160	0.019724	-0.070307
32.500000	0.026920	0.021123	0.120986	0.027130	0.018881	0.187569	0.027570	0.022027	0.020910	0.029140	0.020293	0.034556	0.029910	0.022693	-0.062652	0.027000	0.019607	-0.055087
33.500000	0.026750	0.020989	0.137305	0.027440	0.019096	0.158301	0.027690	0.022123	0.009721	0.029020	0.020209	0.045186	0.029890	0.022677	-0.060929	0.027020	0.019622	-0.056995
34.500000	0.026740	0.020981	0.138269	0.027480	0.019124	0.154549	0.027940	0.022323	-0.013434	0.028950	0.020161	0.051407	0.029930	0.022708	-0.064374	0.026880	0.019520	-0.043613
35.500000	0.026580	0.020856	0.153729	0.027720	0.019291	0.132149	0.027840	0.022243	-0.004197	0.028880	0.020112	0.057644	0.029890	0.022677	-0.060929	0.026950	0.019571	-0.050312
36.500000	0.026750	0.020989	0.137305	0.027920	0.019430	0.113630	0.027730	0.022155	0.006002	0.028900	0.020126	0.055860	0.029790	0.022602	-0.052295	0.026880	0.019520	-0.043613
37.500000	0.026950	0.021146	0.118116	0.028010	0.019493	0.105339	0.027490	0.021964	0.028396	0.028900	0.020126	0.055860	0.029720	0.022548	-0.046235	0.026600	0.019317	-0.016638
38.500000	0.027170	0.021319	0.097172	0.028270	0.019674	0.081538	0.027420	0.021908	0.034964	0.029110	0.020272	0.037209	0.029530	0.022404	-0.029712	0.026410	0.019179	0.001828
39.500000	0.027560	0.021625	0.060457	0.028560	0.019876	0.055247	0.027290	0.021804	0.047207	0.029200	0.020335	0.029257	0.029660	0.022503	-0.041028	0.026240	0.019056	0.018463
40.500000	0.027560	0.021625	0.060457	0.028790	0.020036	0.034584	0.027350	0.021852	0.041549	0.029400	0.020474	0.011673	0.029470	0.022359	-0.024472	0.026200	0.019026	0.022393
41.500000	0.027840	0.021845	0.034416	0.028780	0.020029	0.035479	0.027330	0.021836	0.043433	0.029530	0.020565	0.000307	0.029270	0.022207	-0.006929	0.026000	0.018881	0.042132
42.500000	0.028060	0.022017	0.014139	0.029010	0.020189	0.014974	0.027590	0.022043	0.019041	0.029760	0.020725	-0.019680	0.029070	0.022055	0.010734	0.026100	0.018954	0.032243
43.500000	0.028220	0.022143	-0.000509	0.028930	0.020133	0.022088	0.027740	0.022163	0.005073	0.029740	0.020711	-0.017948	0.029110	0.022086	0.007192	0.026090	0.018947	0.033231
44.500000	0.028540	0.022394	-0.029557	0.029070	0.020231	0.009652	0.027980	0.022355	-0.017119	0.029710	0.020690	-0.015348	0.029200	0.022154	-0.000761	0.026120	0.018968	0.030270
45.500000	0.028470	0.022339	-0.023231	0.029160	0.020293	0.001689	0.027990	0.022363	-0.018040	0.029450	0.020509	0.007296	0.029430	0.022328	-0.020973	0.026240	0.019056	0.018463
46.500000	0.028500	0.022362	-0.025944	0.029200	0.020321	-0.001843	0.028050	0.022411	-0.023556	0.029560	0.020586	-0.002309	0.029340	0.022260	-0.013083	0.026480	0.019230	-0.004991
47.500000	0.028370	0.022260	-0.014166	0.029400	0.020460	-0.019427	0.028100	0.022451	-0.028144	0.029620	0.020627	-0.007532	0.029200	0.022154	-0.000761	0.026870	0.019513	-0.042654
48.500000	0.028310	0.022213	-0.008712	0.029630	0.020620	-0.039502	0.027990	0.022363	-0.018040	0.029260	0.020377	0.023969	0.029030	0.022025	0.014281	0.027010	0.019615	-0.056041
49.500000	0.028290	0.022198	-0.006892	0.029840	0.020767	-0.057695	0.027840	0.022243	-0.004197	0.029310	0.020411	0.019571	0.028800	0.021850	0.034773	0.027210	0.019760	-0.075045
50.500000	0.028070	0.022025	0.013221	0.029920	0.020822	-0.064592	0.027510	0.021980	0.026522	0.029180	0.020321	0.031022	0.028710	0.021782	0.042836	0.027270	0.019803	-0.080719
51.500000	0.028020	0.021986	0.017814	0.029890	0.020801	-0.062008	0.027400	0.021892	0.036844	0.029030	0.020216	0.044299	0.028550	0.021661	0.057233	0.027270	0.019803	-0.080719
52.500000	0.028280	0.022190	-0.005981	0.029960	0.020850	-0.068034	0.027230	0.021756	0.052877	0.028790	0.020049	0.065684	0.028640	0.021729	0.049125	0.027170	0.019731	-0.071256
53.500000	0.028470	0.022339	-0.023231	0.029900	0.020808	-0.062870	0.027260	0.021780	0.050040	0.028970	0.020175	0.049628	0.028760	0.021820	0.038353	0.027090	0.019673	-0.063660
54.500000	0.028700	0.022519	-0.043960	0.030230	0.021038	-0.091146	0.027270	0.021788	0.049095	0.028580	0.019903	0.084543	0.028810	0.021858	0.033879	0.026850	0.019498	-0.040736
55.500000	0.029110	0.022841	-0.080502	0.030380	0.021142	-0.103897	0.027320	0.021828	0.044376	0.028400	0.019778	0.100819	0.028450	0.021585	0.066272	0.026840	0.019491	-0.039776
56.500000	0.029430	0.023092	-0.108667	0.030460	0.021198	-0.110672	0.027520	0.021988	0.025586	0.028280	0.019694	0.111727	0.028160	0.021365	0.092666	0.026850	0.019498	-0.040736
57.500000	0.029550	0.023186	-0.119151	0.030330	0.021108	-0.099653	0.027580	0.022035	0.019975	0.028000	0.019499	0.137359	0.027850	0.021130	0.121183	0.026870	0.019513	-0.042654
58.500000	0.029570	0.023202	-0.120894	0.030300	0.021087	-0.097104	0.027380	0.021876	0.038725	0.028010	0.019506	0.136439	0.027680	0.021001	0.136956	0.026950	0.019571	-0.050312
59.500000	0.029480	0.023131	-0.113041	0.030200	0.021017	-0.088588	0.026810	0.021420	0.092921	0.028130	0.019590	0.125426	0.027260	0.020682	0.176344	0.027010	0.019615	-0.056041
60.500000	0.028850	0.022637	-0.057389	0.030110	0.020955	-0.080899	0.026010	0.020781	0.170962	0.028130	0.019590	0.125426	0.026420	0.020045	0.256973	0.027040	0.019636	-0.058901
61.500000	0.027650	0.021695	0.052058	0.030060	0.020920	-0.076618	0.024410	0.019503	0.334511	0.027940	0.019457	0.142885	0.024920	0.018907	0.407543	0.027100	0.019680	-0.064610
62.500000	0.025580	0.020071	0.252517	0.030100	0.020948	-0.080044	0.021960	0.017545	0.606970	0.027780	0.019346	0.157679	0.022840	0.017329	0.632053	0.027090	0.019673	-0.063660
63.500000	0.022670	0.017788	0.563614	0.030090	0.020941	-0.079188	0.018780	0.015005	1.009895	0.027720	0.019304	0.163249	0.019800	0.015022	0.999950	0.027050	0.019644	-0.059853
64.500000	0.018890	0.014822	1.033456	0.029970	0.020857	-0.068894	0.014940	0.011937	1.599021	0.027290	0.019005	0.203521	0.015920	0.012078	1.561664	0.026940	0.019564	-0.049356
65.500000	0.014330	0.011244	1.744964	0.029340	0.020419	-0.014164	0.011010	0.008797	2.384954	0.026760	0.018636	0.254042	0.011490	0.008717	2.401311	0.026720	0.019404	-0.028233
66.500000	0.009650	0.007572	2.762927	0.028340	0.019723	0.075167	0.007150	0.005713	3.495991	0.025440	0.017716	0.384346	0.007320	0.005554	3.561666	0.025870	0.018787	0.055044
67.500000	0.005690	0.004465	4.122036	0.026560	0.018484	0.242266	0.004050	0.003236	4.957494	0.023070	0.016066	0.636234	0.004090	0.003103	5.058190	0.023720	0.017225	0.278544
68.500000	0.002800	0.002197	5.943666	0.023520	0.016368	0.555375	0.001950	0.001558	6.832702	0.019870	0.013837	1.020829	0.001980	0.001502	6.919109	0.020710	0.015040	0.628076
69.500000	0.001080	0.000847	8.380459	0.019560	0.013612	1.030226	0.000800	0.000639	9.105521	0.016070	0.011191	1.567447	0.000780	0.000592	9.293963	0.016530	0.012004	1.208678
70.500000	0.000340	0.000267	11.294666	0.015050	0.010474	1.705203	0.000300	0.000240	11.568117	0.011870	0.008266	2.347412	0.000240	0.000182	12.237152	0.012180	0.008845	1.994985
71.500000	0.000060	0.000047	15.363744	0.010400	0.007238	2.656617	0.000090	0.000072	14.440912	0.008050	0.005606	3.346825	0.000060	0.000046	15.436079	0.008200	0.005955	3.013326
72.500000	0.000010	0.000008	18.360229	0.006570	0.004572	3.838296	0.000030	0.000024	16.709321	0.004970	0.003461	4.586910	0.000010	0.000008	18.399034	0.005040	0.003660	4.265082
73.500000	0.000000	0.000000	19.853076	0.003680	0.002561	5.327712	0.000010	0.000008	18.347607	0.002830	0.001971	6.032713	0.000000	0.000000	19.854130	0.002810	0.002041	5.765252
74.500000	0.000000	0.000000	19.853076	0.001860	0.001294	7.076534	0.000000	0.000000	19.861050	0.001460	0.001017	7.726320	0.000000	0.000000	19.854130	0.001380	0.001002	7.585010
75.500000	0.000000	0.000000	19.853076	0.000840	0.000585	9.101458	0.000000	0.000000	19.861050	0.000680	0.000474	9.667028	0.000000	0.000000	19.854130	0.000630	0.000458	9.575814
76.500000	0.000000	0.000000	19.853076	0.000330	0.000230	11.443355	0.000000	0.000000	19.861050	0.000280	0.000195	11.878870	0.000000	0.000000	19.854130	0.000260	0.000189	11.779575
77.500000	0.000000	0.000000	19.853076	0.000110	0.000077	14.068272	0.000000	0.000000	19.861050	0.000100	0.000070	14.315627	0.000000	0.000000	19.854130	0.000080	0.000058	14.541044
78.500000	0.000000	0.000000	19.853076	0.000030	0.000021	16.724760	0.000000	0.000000	19.861050	0.000030	0.000021	16.756417	0.000000	0.000000	19.854130	0.000020	0.000015	17.173194
79.500000	0.000000	0.000000	19.853076	0.000010	0.000007	18.269168	0.000000	0.000000	19.861050	0.000010	0.000007	18.301282	0.000000	0.000000	19.854130	0.000000	0.000000	19.485243
80.500000	0.000000	0.000000	19.853076	0.000000	0.000000	19.630604	0.000000	0.000000	19.861050	0.000000	0.000000	19.663425	0.000000	0.000000	19.854130	0.000000	0.000000	19.485243
81.500000	0.000000	0.000000	19.853076	0.000000	0.000000	19.630604	0.000000	0.000000	19.861050	0.000000	0.000000	19.663425	0.000000	0.000000	19.854130	0.000000	0.000000	19.485243
82.500000	0.000000	0.000000	19.853076	0.000000	0.000000	19.630604	0.000000	0.000000	19.861050	0.000000	0.000000	19.663425	0.000000	0.000000	19.854130	0.000000	0.000000	19.485243
