x	y1_raw	y1_norm	PMF_y1	y2_raw	y2_norm	PMF_y2	y3_raw	y3_norm	PMF_y3	y4_raw	y4_norm	PMF_y4	y5_raw	y5_norm	PMF_y5	y6_raw	y6_norm	PMF_y6
0.500000	0.079080	0.086537	-16.112302	0.078770	0.084278	-17.714416	0.078430	0.085250	-14.238923	0.078330	0.084511	-14.793401	0.077260	0.085285	-15.432472	0.077250	0.082545	-14.357977
1.500000	0.077480	0.084786	-16.059627	0.076480	0.081828	-17.638386	0.076250	0.082880	-14.166279	0.076770	0.082828	-14.741560	0.075640	0.083497	-15.377861	0.075000	0.080141	-14.281803
2.500000	0.073440	0.080365	-15.921625	0.072830	0.077923	-17.512367	0.072000	0.078261	-14.018483	0.073010	0.078771	-14.612148	0.071770	0.079225	-15.242519	0.071470	0.076369	-14.157565
3.500000	0.067960	0.074368	-15.721779	0.067550	0.072274	-17.318422	0.066580	0.072370	-13.816803	0.067640	0.072978	-14.415273	0.066380	0.073275	-15.041331	0.066140	0.070674	-13.957838
4.500000	0.062400	0.068284	-15.501824	0.061630	0.065940	-17.082065	0.060870	0.066163	-13.585742	0.061350	0.066191	-14.163750	0.060450	0.066729	-14.800180	0.060690	0.064850	-13.736233
5.500000	0.057660	0.063097	-15.298241	0.057300	0.061307	-16.894340	0.056160	0.061043	-13.378207	0.055990	0.060408	-13.928161	0.055830	0.061629	-14.595300	0.056210	0.060063	-13.538623
6.500000	0.055020	0.060208	-15.177468	0.054820	0.058654	-16.780323	0.054030	0.058728	-13.278570	0.053340	0.057549	-13.803216	0.053680	0.059256	-14.494102	0.054350	0.058076	-13.451910
7.500000	0.055240	0.060449	-15.187752	0.055400	0.059274	-16.807443	0.054500	0.059239	-13.300889	0.054280	0.058563	-13.848233	0.054340	0.059985	-14.525592	0.055700	0.059518	-13.515136
8.500000	0.057950	0.063414	-15.311169	0.058340	0.062420	-16.940692	0.057310	0.062293	-13.430442	0.057790	0.062350	-14.009702	0.057580	0.063561	-14.674834	0.060180	0.064305	-13.714486
9.500000	0.060920	0.066664	-15.439967	0.062310	0.066667	-17.110342	0.060800	0.066087	-13.582777	0.062040	0.066936	-14.192571	0.061390	0.067767	-14.839943	0.064730	0.069167	-13.902307
10.500000	0.061760	0.067584	-15.475257	0.064490	0.069000	-17.198959	0.062020	0.067413	-13.633973	0.063900	0.068942	-14.268695	0.062690	0.069202	-14.893944	0.066290	0.070834	-13.963676
11.500000	0.058070	0.063546	-15.316500	0.062390	0.066753	-17.113648	0.058870	0.063989	-13.499649	0.061030	0.065846	-14.150273	0.059600	0.065791	-14.763688	0.062600	0.066891	-13.816083
12.500000	0.049660	0.054343	-14.913345	0.054480	0.058290	-16.764291	0.050730	0.055141	-13.116169	0.052460	0.056600	-13.760348	0.050810	0.056088	-14.352509	0.053270	0.056922	-13.400188
13.500000	0.037680	0.041233	-14.201969	0.042430	0.045397	-16.120138	0.038920	0.042304	-12.433292	0.039920	0.043070	-13.056430	0.038100	0.042058	-13.610700	0.040710	0.043501	-12.707283
14.500000	0.025510	0.027915	-13.196952	0.028980	0.031007	-15.137791	0.026660	0.028978	-11.458451	0.026870	0.028990	-12.036437	0.025310	0.027939	-12.556840	0.027460	0.029342	-11.692758
15.500000	0.015120	0.016546	-11.849503	0.017210	0.018414	-13.795268	0.016310	0.017728	-10.192547	0.016100	0.017370	-10.716941	0.014740	0.016271	-11.164102	0.016480	0.017610	-10.377397
16.500000	0.007780	0.008514	-10.138427	0.008910	0.009533	-12.099866	0.008830	0.009598	-8.612261	0.008460	0.009128	-9.059838	0.007700	0.008500	-9.491967	0.008900	0.009510	-8.790753
17.500000	0.003610	0.003950	-8.162911	0.004120	0.004408	-10.115047	0.004400	0.004783	-6.819713	0.003960	0.004272	-7.106569	0.003620	0.003996	-7.550141	0.004190	0.004477	-6.852154
18.500000	0.001540	0.001685	-5.975942	0.001720	0.001840	-7.871793	0.001990	0.002163	-4.781176	0.001780	0.001920	-5.053009	0.001600	0.001766	-5.453928	0.001790	0.001913	-4.667854
19.500000	0.000610	0.000668	-3.612198	0.000680	0.000728	-5.501272	0.000860	0.000935	-2.634435	0.000810	0.000874	-3.039720	0.000660	0.000729	-3.192229	0.000710	0.000759	-2.304883
20.500000	0.000260	0.000285	-1.465007	0.000260	0.000278	-3.079228	0.000370	0.000402	-0.496507	0.000390	0.000421	-1.187185	0.000290	0.000320	-1.116874	0.000300	0.000321	-0.129971
21.500000	0.000110	0.000120	0.635371	0.000110	0.000118	-0.981356	0.000190	0.000207	1.162667	0.000190	0.000205	0.604016	0.000150	0.000166	0.510370	0.000150	0.000160	1.579693
22.500000	0.000070	0.000077	1.689730	0.000060	0.000064	0.417923	0.000170	0.000185	1.435368	0.000120	0.000129	1.719389	0.000100	0.000110	1.483023	0.000110	0.000118	2.324608
23.500000	0.000060	0.000066	2.037898	0.000030	0.000032	1.878527	0.000220	0.000239	0.801104	0.000120	0.000129	1.719389	0.000080	0.000088	2.005166	0.000120	0.000128	2.117245
24.500000	0.000070	0.000077	1.689730	0.000030	0.000032	1.878527	0.000270	0.000293	0.292508	0.000160	0.000173	1.024553	0.000080	0.000088	2.005166	0.000150	0.000160	1.579693
25.500000	0.000070	0.000077	1.689730	0.000040	0.000043	1.294862	0.000330	0.000359	-0.209201	0.000210	0.000227	0.357510	0.000080	0.000088	2.005166	0.000190	0.000203	1.002502
26.500000	0.000080	0.000088	1.383047	0.000040	0.000043	1.294862	0.000380	0.000413	-0.563594	0.000240	0.000259	0.027008	0.000070	0.000077	2.312139	0.000210	0.000224	0.756101
27.500000	0.000090	0.000098	1.109007	0.000040	0.000043	1.294862	0.000400	0.000435	-0.692746	0.000240	0.000259	0.027008	0.000080	0.000088	2.005166	0.000220	0.000235	0.641206
28.500000	0.000090	0.000098	1.109007	0.000050	0.000053	0.819274	0.000410	0.000446	-0.754973	0.000240	0.000259	0.027008	0.000080	0.000088	2.005166	0.000250	0.000267	0.324387
29.500000	0.000090	0.000098	1.109007	0.000050	0.000053	0.819274	0.000390	0.000424	-0.628979	0.000260	0.000281	-0.171907	0.000080	0.000088	2.005166	0.000270	0.000289	0.132930
30.500000	0.000090	0.000098	1.109007	0.000050	0.000053	0.819274	0.000400	0.000435	-0.692746	0.000260	0.000281	-0.171907	0.000090	0.000099	1.730894	0.000270	0.000289	0.132930
31.500000	0.000100	0.000109	0.861324	0.000060	0.000064	0.417923	0.000360	0.000391	-0.427626	0.000260	0.000281	-0.171907	0.000100	0.000110	1.483023	0.000260	0.000278	0.226881
32.500000	0.000090	0.000098	1.109007	0.000060	0.000064	0.417923	0.000350	0.000380	-0.356855	0.000250	0.000270	-0.074368	0.000110	0.000121	1.256912	0.000240	0.000256	0.425727
33.500000	0.000090	0.000098	1.109007	0.000050	0.000053	0.819274	0.000350	0.000380	-0.356855	0.000270	0.000291	-0.265889	0.000130	0.000144	0.856705	0.000240	0.000256	0.425727
34.500000	0.000090	0.000098	1.109007	0.000040	0.000043	1.294862	0.000330	0.000359	-0.209201	0.000280	0.000302	-0.356564	0.000130	0.000144	0.856705	0.000230	0.000246	0.531215
35.500000	0.000090	0.000098	1.109007	0.000040	0.000043	1.294862	0.000340	0.000370	-0.284085	0.000260	0.000281	-0.171907	0.000150	0.000166	0.510370	0.000240	0.000256	0.425727
36.500000	0.000090	0.000098	1.109007	0.000040	0.000043	1.294862	0.000350	0.000380	-0.356855	0.000240	0.000259	0.027008	0.000150	0.000166	0.510370	0.000250	0.000267	0.324387
37.500000	0.000100	0.000109	0.861324	0.000040	0.000043	1.294862	0.000340	0.000370	-0.284085	0.000250	0.000270	-0.074368	0.000140	0.000155	0.677725	0.000270	0.000289	0.132930
38.500000	0.000100	0.000109	0.861324	0.000040	0.000043	1.294862	0.000340	0.000370	-0.284085	0.000250	0.000270	-0.074368	0.000170	0.000188	0.205110	0.000280	0.000299	0.042284
39.500000	0.000100	0.000109	0.861324	0.000040	0.000043	1.294862	0.000330	0.000359	-0.209201	0.000260	0.000281	-0.171907	0.000180	0.000199	0.065047	0.000290	0.000310	-0.045283
40.500000	0.000110	0.000120	0.635371	0.000050	0.000053	0.819274	0.000340	0.000370	-0.284085	0.000260	0.000281	-0.171907	0.000190	0.000210	-0.067794	0.000290	0.000310	-0.045283
41.500000	0.000110	0.000120	0.635371	0.000060	0.000064	0.417923	0.000320	0.000348	-0.132075	0.000240	0.000259	0.027008	0.000200	0.000221	-0.194123	0.000290	0.000310	-0.045283
42.500000	0.000120	0.000131	0.427640	0.000070	0.000075	0.070733	0.000290	0.000315	0.114198	0.000240	0.000259	0.027008	0.000190	0.000210	-0.067794	0.000290	0.000310	-0.045283
43.500000	0.000140	0.000153	0.056529	0.000080	0.000086	-0.235192	0.000290	0.000315	0.114198	0.000250	0.000270	-0.074368	0.000190	0.000210	-0.067794	0.000270	0.000289	0.132930
44.500000	0.000160	0.000175	-0.267811	0.000080	0.000086	-0.235192	0.000300	0.000326	0.029465	0.000260	0.000281	-0.171907	0.000180	0.000199	0.065047	0.000270	0.000289	0.132930
45.500000	0.000160	0.000175	-0.267811	0.000090	0.000096	-0.508627	0.000290	0.000315	0.114198	0.000250	0.000270	-0.074368	0.000180	0.000199	0.065047	0.000270	0.000289	0.132930
46.500000	0.000160	0.000175	-0.267811	0.000080	0.000086	-0.235192	0.000310	0.000337	-0.052570	0.000240	0.000259	0.027008	0.000180	0.000199	0.065047	0.000290	0.000310	-0.045283
47.500000	0.000160	0.000175	-0.267811	0.000080	0.000086	-0.235192	0.000310	0.000337	-0.052570	0.000240	0.000259	0.027008	0.000180	0.000199	0.065047	0.000280	0.000299	0.042284
48.500000	0.000160	0.000175	-0.267811	0.000070	0.000075	0.070733	0.000310	0.000337	-0.052570	0.000240	0.000259	0.027008	0.000190	0.000210	-0.067794	0.000300	0.000321	-0.129971
49.500000	0.000170	0.000186	-0.415857	0.000070	0.000075	0.070733	0.000280	0.000304	0.201812	0.000210	0.000227	0.357510	0.000170	0.000188	0.205110	0.000300	0.000321	-0.129971
50.500000	0.000170	0.000186	-0.415857	0.000070	0.000075	0.070733	0.000280	0.000304	0.201812	0.000210	0.000227	0.357510	0.000180	0.000199	0.065047	0.000320	0.000342	-0.291431
51.500000	0.000150	0.000164	-0.110740	0.000070	0.000075	0.070733	0.000280	0.000304	0.201812	0.000190	0.000205	0.604016	0.000170	0.000188	0.205110	0.000310	0.000331	-0.211966
52.500000	0.000130	0.000142	0.235411	0.000070	0.000075	0.070733	0.000270	0.000293	0.292508	0.000180	0.000194	0.736714	0.000160	0.000177	0.353223	0.000310	0.000331	-0.211966
53.500000	0.000140	0.000153	0.056529	0.000070	0.000075	0.070733	0.000260	0.000283	0.386514	0.000180	0.000194	0.736714	0.000160	0.000177	0.353223	0.000310	0.000331	-0.211966
54.500000	0.000140	0.000153	0.056529	0.000080	0.000086	-0.235192	0.000250	0.000272	0.484078	0.000180	0.000194	0.736714	0.000160	0.000177	0.353223	0.000290	0.000310	-0.045283
55.500000	0.000140	0.000153	0.056529	0.000080	0.000086	-0.235192	0.000250	0.000272	0.484078	0.000180	0.000194	0.736714	0.000160	0.000177	0.353223	0.000290	0.000310	-0.045283
56.500000	0.000150	0.000164	-0.110740	0.000090	0.000096	-0.508627	0.000270	0.000293	0.292508	0.000170	0.000183	0.876617	0.000170	0.000188	0.205110	0.000250	0.000267	0.324387
57.500000	0.000160	0.000175	-0.267811	0.000100	0.000107	-0.755814	0.000260	0.000283	0.386514	0.000170	0.000183	0.876617	0.000170	0.000188	0.205110	0.000240	0.000256	0.425727
58.500000	0.000150	0.000164	-0.110740	0.000120	0.000128	-1.188739	0.000270	0.000293	0.292508	0.000170	0.000183	0.876617	0.000170	0.000188	0.205110	0.000230	0.000246	0.531215
59.500000	0.000150	0.000164	-0.110740	0.000110	0.000118	-0.981356	0.000280	0.000304	0.201812	0.000180	0.000194	0.736714	0.000170	0.000188	0.205110	0.000220	0.000235	0.641206
60.500000	0.000140	0.000153	0.056529	0.000120	0.000128	-1.188739	0.000270	0.000293	0.292508	0.000210	0.000227	0.357510	0.000180	0.000199	0.065047	0.000220	0.000235	0.641206
61.500000	0.000120	0.000131	0.427640	0.000130	0.000139	-1.380670	0.000250	0.000272	0.484078	0.000220	0.000237	0.242568	0.000160	0.000177	0.353223	0.000220	0.000235	0.641206
62.500000	0.000090	0.000098	1.109007	0.000140	0.000150	-1.559294	0.000230	0.000250	0.691038	0.000230	0.000248	0.132535	0.000150	0.000166	0.510370	0.000210	0.000224	0.756101
63.500000	0.000060	0.000066	2.037898	0.000140	0.000150	-1.559294	0.000170	0.000185	1.435368	0.000230	0.000248	0.132535	0.000110	0.000121	1.256912	0.000210	0.000224	0.756101
64.500000	0.000040	0.000044	2.917982	0.000130	0.000139	-1.380670	0.000120	0.000130	2.278521	0.000230	0.000248	0.132535	0.000080	0.000088	2.005166	0.000170	0.000182	1.274973
65.500000	0.000020	0.000022	4.264862	0.000120	0.000128	-1.188739	0.000070	0.000076	3.539833	0.000230	0.000248	0.132535	0.000060	0.000066	2.660681	0.000150	0.000160	1.579693
66.500000	0.000010	0.000011	5.348278	0.000100	0.000107	-0.755814	0.000030	0.000033	5.352475	0.000210	0.000227	0.357510	0.000030	0.000033	4.129476	0.000140	0.000150	1.746722
67.500000	0.000000	0.000000	7.253492	0.000070	0.000075	0.070733	0.000010	0.000011	7.192094	0.000180	0.000194	0.736714	0.000010	0.000011	5.978805	0.000100	0.000107	2.550125
68.500000	0.000000	0.000000	7.253492	0.000050	0.000053	0.819274	0.000000	0.000000	9.088261	0.000140	0.000151	1.348626	0.000010	0.000011	5.978805	0.000070	0.000075	3.376565
69.500000	0.000000	0.000000	7.253492	0.000030	0.000032	1.878527	0.000000	0.000000	9.088261	0.000080	0.000086	2.673630	0.000000	0.000000	7.895781	0.000040	0.000043	4.600455
70.500000	0.000000	0.000000	7.253492	0.000010	0.000011	3.708176	0.000000	0.000000	9.088261	0.000050	0.000054	3.729232	0.000000	0.000000	7.895781	0.000020	0.000021	5.939455
71.500000	0.000000	0.000000	7.253492	0.000000	0.000000	5.583230	0.000000	0.000000	9.088261	0.000020	0.000022	5.547711	0.000000	0.000000	7.895781	0.000010	0.000011	7.012789
72.500000	0.000000	0.000000	7.253492	0.000000	0.000000	5.583230	0.000000	0.000000	9.088261	0.000010	0.000011	6.625138	0.000000	0.000000	7.895781	0.000010	0.000011	7.012789
73.500000	0.000000	0.000000	7.253492	0.000000	0.000000	5.583230	0.000000	0.000000	9.088261	0.000000	0.000000	8.511350	0.000000	0.000000	7.895781	0.000000	0.000000	8.886120
74.500000	0.000000	0.000000	7.253492	0.000000	0.000000	5.583230	0.000000	0.000000	9.088261	0.000000	0.000000	8.511350	0.000000	0.000000	7.895781	0.000000	0.000000	8.886120
75.500000	0.000000	0.000000	7.253492	0.000000	0.000000	5.583230	0.000000	0.000000	9.088261	0.000000	0.000000	8.511350	0.000000	0.000000	7.895781	0.000000	0.000000	8.886120
