x	y1_raw	y1_norm	PMF_y1	y2_raw	y2_norm	PMF_y2	y3_raw	y3_norm	PMF_y3	y4_raw	y4_norm	PMF_y4	y5_raw	y5_norm	PMF_y5	y6_raw	y6_norm	PMF_y6
0.500000	0.002940	0.004334	2.845119	0.002810	0.003873	2.868206	0.002800	0.004079	2.873738	0.002880	0.004048	2.676229	0.002240	0.003450	3.563633	0.002310	0.003072	3.636423
1.500000	0.003020	0.004452	2.776082	0.002760	0.003804	2.914358	0.002790	0.004065	2.882937	0.003000	0.004217	2.571271	0.002210	0.003403	3.598283	0.002310	0.003072	3.636423
2.500000	0.002960	0.004364	2.827685	0.002790	0.003845	2.886568	0.002730	0.003977	2.938829	0.003040	0.004273	2.537214	0.002160	0.003326	3.657089	0.002420	0.003218	3.516905
3.500000	0.002910	0.004290	2.871492	0.002860	0.003942	2.822865	0.002720	0.003963	2.948264	0.003060	0.004301	2.520352	0.002210	0.003403	3.598283	0.002630	0.003497	3.303066
4.500000	0.003060	0.004511	2.742244	0.003030	0.004176	2.674413	0.002850	0.004152	2.828231	0.003270	0.004597	2.349665	0.002310	0.003557	3.484550	0.002990	0.003976	2.973305
5.500000	0.003690	0.005440	2.260710	0.003680	0.005072	2.174594	0.003510	0.005114	2.292543	0.003960	0.005566	1.857198	0.002930	0.004512	2.873304	0.003800	0.005053	2.356824
6.500000	0.005250	0.007740	1.353341	0.005320	0.007332	1.226252	0.005190	0.007561	1.286129	0.005630	0.007914	0.951693	0.004410	0.006791	1.821415	0.005500	0.007313	1.405434
7.500000	0.008350	0.012310	0.158604	0.008810	0.012142	-0.072404	0.008810	0.012835	-0.076281	0.009140	0.012848	-0.295911	0.007600	0.011704	0.420228	0.009200	0.012233	0.080924
8.500000	0.013920	0.020522	-1.157747	0.014900	0.020535	-1.425861	0.014920	0.021737	-1.433241	0.014810	0.020818	-1.539076	0.013210	0.020343	-1.003658	0.015260	0.020291	-1.222455
9.500000	0.022030	0.032478	-2.340486	0.023820	0.032829	-2.634588	0.023670	0.034484	-2.622260	0.023000	0.032331	-2.673159	0.021000	0.032340	-2.197910	0.023770	0.031607	-2.364250
10.500000	0.031410	0.046306	-3.254486	0.034260	0.047217	-3.571090	0.033660	0.049038	-3.529524	0.032240	0.045319	-3.543334	0.030170	0.046461	-3.131504	0.033140	0.044067	-3.220513
11.500000	0.039170	0.057746	-3.823414	0.043360	0.059759	-4.178091	0.042140	0.061393	-4.108514	0.040520	0.056958	-4.132366	0.037740	0.058119	-3.708388	0.040880	0.054359	-3.761386
12.500000	0.042890	0.063231	-4.057211	0.047600	0.065603	-4.418506	0.046150	0.067235	-4.342757	0.044500	0.062553	-4.373805	0.041190	0.063432	-3.933804	0.044340	0.058960	-3.970748
13.500000	0.040990	0.060430	-3.940449	0.045950	0.063329	-4.327595	0.044070	0.064205	-4.223914	0.043240	0.060782	-4.299788	0.038900	0.059905	-3.786401	0.042330	0.056287	-3.851203
14.500000	0.034750	0.051230	-3.514882	0.038610	0.053213	-3.879105	0.037360	0.054429	-3.798264	0.037090	0.052137	-3.904446	0.032380	0.049864	-3.313666	0.035530	0.047245	-3.399950
15.500000	0.026470	0.039023	-2.813571	0.028820	0.039720	-3.125548	0.028170	0.041040	-3.070725	0.028420	0.039949	-3.218369	0.023760	0.036590	-2.516070	0.026550	0.035304	-2.649233
16.500000	0.018190	0.026817	-1.847008	0.019190	0.026448	-2.077720	0.019220	0.028001	-2.085684	0.019540	0.027467	-2.253115	0.015840	0.024393	-1.471400	0.018090	0.024055	-1.660725
17.500000	0.011370	0.016762	-0.636508	0.011930	0.016442	-0.853218	0.012040	0.017541	-0.880767	0.012380	0.017402	-1.077407	0.009770	0.015046	-0.226629	0.011780	0.015664	-0.555733
18.500000	0.006800	0.010025	0.687356	0.007310	0.010075	0.408207	0.007250	0.010562	0.425575	0.007630	0.010725	0.169090	0.005940	0.009147	1.054770	0.007560	0.010053	0.586482
19.500000	0.004200	0.006192	1.927627	0.004660	0.006422	1.567144	0.004590	0.006687	1.602320	0.004860	0.006832	1.330229	0.003710	0.005713	2.266175	0.004980	0.006622	1.661044
20.500000	0.003190	0.004703	2.635244	0.003500	0.004824	2.303586	0.003460	0.005041	2.329449	0.003670	0.005159	2.052846	0.002780	0.004281	3.008440	0.003640	0.004840	2.467471
21.500000	0.003120	0.004600	2.692307	0.003270	0.004507	2.478401	0.003260	0.004749	2.482594	0.003350	0.004709	2.287504	0.002770	0.004266	3.017706	0.003460	0.004601	2.597905
22.500000	0.003850	0.005676	2.151507	0.003670	0.005058	2.181593	0.003690	0.005376	2.163895	0.003820	0.005370	1.949796	0.003330	0.005128	2.544167	0.004070	0.005412	2.180248
23.500000	0.004800	0.007076	1.583990	0.004540	0.006257	1.634277	0.004640	0.006760	1.574437	0.004770	0.006705	1.378334	0.004260	0.006560	1.910472	0.005190	0.006901	1.554747
24.500000	0.005970	0.008801	1.022506	0.005620	0.007746	1.085051	0.005790	0.008435	1.004524	0.006020	0.008462	0.779279	0.005380	0.008285	1.309688	0.006520	0.008670	0.967512
25.500000	0.007130	0.010511	0.565338	0.006620	0.009124	0.663478	0.006860	0.009994	0.567948	0.007250	0.010191	0.300631	0.006400	0.009856	0.862732	0.007720	0.010265	0.532558
26.500000	0.008010	0.011809	0.265657	0.007430	0.010240	0.366282	0.007700	0.011218	0.270513	0.008270	0.011625	-0.038321	0.007240	0.011149	0.545189	0.008810	0.011715	0.192471
27.500000	0.008640	0.012738	0.070681	0.007960	0.010971	0.188863	0.008320	0.012121	0.071090	0.008970	0.012609	-0.247560	0.007730	0.011904	0.376552	0.009660	0.012845	-0.044725
28.500000	0.009050	0.013342	-0.048718	0.008340	0.011494	0.068777	0.008600	0.012529	-0.014151	0.009330	0.013115	-0.348898	0.008100	0.012474	0.256146	0.010060	0.013377	-0.149217
29.500000	0.009190	0.013548	-0.088254	0.008490	0.011701	0.022874	0.008730	0.012719	-0.052789	0.009460	0.013298	-0.384534	0.008260	0.012720	0.205772	0.010280	0.013669	-0.204931
30.500000	0.009280	0.013681	-0.113353	0.008590	0.011839	-0.007280	0.008840	0.012879	-0.085036	0.009340	0.013129	-0.351656	0.008290	0.012766	0.196436	0.010300	0.013696	-0.209937
31.500000	0.009150	0.013489	-0.077020	0.008490	0.011701	0.022874	0.008830	0.012864	-0.082121	0.009190	0.012918	-0.309961	0.008330	0.012828	0.184039	0.010210	0.013576	-0.187334
32.500000	0.009100	0.013416	-0.062908	0.008520	0.011742	0.013790	0.008680	0.012646	-0.037997	0.009100	0.012792	-0.284615	0.008390	0.012920	0.165556	0.010070	0.013390	-0.151776
33.500000	0.008930	0.013165	-0.014341	0.008450	0.011646	0.035035	0.008630	0.012573	-0.023119	0.008930	0.012553	-0.236050	0.008430	0.012982	0.153307	0.009890	0.013151	-0.105324
34.500000	0.008860	0.013062	0.005926	0.008520	0.011742	0.013790	0.008670	0.012631	-0.035028	0.008840	0.012426	-0.209964	0.008430	0.012982	0.153307	0.009810	0.013045	-0.084407
35.500000	0.008840	0.013032	0.011746	0.008500	0.011715	0.019843	0.008680	0.012646	-0.037997	0.008710	0.012243	-0.171811	0.008430	0.012982	0.153307	0.009800	0.013031	-0.081781
36.500000	0.008810	0.012988	0.020501	0.008550	0.011784	0.004739	0.008660	0.012617	-0.032056	0.008620	0.012117	-0.145063	0.008340	0.012843	0.180950	0.009730	0.012938	-0.063319
37.500000	0.008800	0.012973	0.023426	0.008590	0.011839	-0.007280	0.008680	0.012646	-0.037997	0.008500	0.011948	-0.108962	0.008330	0.012828	0.184039	0.009740	0.012951	-0.065965
38.500000	0.008830	0.013018	0.014661	0.008550	0.011784	0.004739	0.008660	0.012617	-0.032056	0.008410	0.011822	-0.081550	0.008440	0.012997	0.150254	0.009640	0.012818	-0.039387
39.500000	0.008990	0.013254	-0.031587	0.008660	0.011935	-0.028181	0.008600	0.012529	-0.014151	0.008310	0.011681	-0.050746	0.008460	0.013028	0.144158	0.009620	0.012792	-0.034039
40.500000	0.009050	0.013342	-0.048718	0.008640	0.011908	-0.022226	0.008530	0.012427	0.006896	0.008250	0.011597	-0.032086	0.008580	0.013213	0.107885	0.009560	0.012712	-0.017926
41.500000	0.008970	0.013224	-0.025851	0.008630	0.011894	-0.019244	0.008530	0.012427	0.006896	0.008190	0.011513	-0.013289	0.008680	0.013367	0.078042	0.009600	0.012765	-0.028679
42.500000	0.008920	0.013150	-0.011455	0.008590	0.011839	-0.007280	0.008480	0.012354	0.022036	0.008140	0.011442	0.002480	0.008800	0.013552	0.042681	0.009580	0.012739	-0.023308
43.500000	0.009000	0.013268	-0.034450	0.008600	0.011853	-0.010277	0.008510	0.012398	0.012941	0.008170	0.011484	-0.006993	0.008830	0.013598	0.033916	0.009530	0.012672	-0.009832
44.500000	0.008870	0.013077	0.003021	0.008610	0.011866	-0.013269	0.008580	0.012500	-0.008155	0.008170	0.011484	-0.006993	0.008830	0.013598	0.033916	0.009440	0.012553	0.014604
45.500000	0.008880	0.013091	0.000120	0.008570	0.011811	-0.001278	0.008540	0.012442	0.003879	0.008140	0.011442	0.002480	0.009000	0.013860	-0.015197	0.009390	0.012486	0.028281
46.500000	0.008860	0.013062	0.005926	0.008580	0.011825	-0.004281	0.008550	0.012456	0.000865	0.008110	0.011400	0.011988	0.009110	0.014029	-0.046485	0.009380	0.012473	0.031025
47.500000	0.008710	0.012841	0.049900	0.008540	0.011770	0.007753	0.008610	0.012544	-0.017144	0.008070	0.011344	0.024720	0.009130	0.014060	-0.052133	0.009420	0.012526	0.020066
48.500000	0.008770	0.012929	0.032221	0.008480	0.011687	0.025909	0.008650	0.012602	-0.029080	0.008080	0.011358	0.021531	0.009240	0.014229	-0.082977	0.009550	0.012699	-0.015231
49.500000	0.008780	0.012944	0.029286	0.008420	0.011605	0.044194	0.008550	0.012456	0.000865	0.008160	0.011470	-0.003839	0.009300	0.014322	-0.099648	0.009490	0.012619	0.001000
50.500000	0.008760	0.012914	0.035159	0.008420	0.011605	0.044194	0.008600	0.012529	-0.014151	0.008140	0.011442	0.002480	0.009290	0.014306	-0.096877	0.009370	0.012459	0.033772
51.500000	0.008700	0.012826	0.052859	0.008370	0.011536	0.059531	0.008570	0.012485	-0.005152	0.008120	0.011414	0.008815	0.009260	0.014260	-0.088546	0.009350	0.012433	0.039275
52.500000	0.008700	0.012826	0.052859	0.008460	0.011660	0.031989	0.008620	0.012558	-0.020133	0.008130	0.011428	0.005646	0.009250	0.014245	-0.085763	0.009350	0.012433	0.039275
53.500000	0.008700	0.012826	0.052859	0.008470	0.011673	0.028947	0.008510	0.012398	0.012941	0.008150	0.011456	-0.000681	0.009290	0.014306	-0.096877	0.009360	0.012446	0.036522
54.500000	0.008590	0.012664	0.085628	0.008470	0.011673	0.028947	0.008480	0.012354	0.022036	0.008250	0.011597	-0.032086	0.009200	0.014168	-0.071804	0.009290	0.012353	0.055854
55.500000	0.008540	0.012590	0.100662	0.008440	0.011632	0.038084	0.008450	0.012311	0.031163	0.008240	0.011583	-0.028962	0.009280	0.014291	-0.094103	0.009180	0.012207	0.086528
56.500000	0.008470	0.012487	0.121858	0.008550	0.011784	0.004739	0.008520	0.012413	0.009917	0.008360	0.011751	-0.066194	0.009190	0.014152	-0.069003	0.009180	0.012207	0.086528
57.500000	0.008510	0.012546	0.109725	0.008610	0.011866	-0.013269	0.008470	0.012340	0.025075	0.008300	0.011667	-0.047645	0.009220	0.014199	-0.077397	0.009140	0.012154	0.097774
58.500000	0.008360	0.012325	0.155522	0.008620	0.011880	-0.016258	0.008380	0.012209	0.052585	0.008320	0.011695	-0.053843	0.009150	0.014091	-0.057768	0.009220	0.012260	0.075332
59.500000	0.008040	0.011853	0.256031	0.008630	0.011894	-0.019244	0.008050	0.011728	0.156045	0.008330	0.011709	-0.056936	0.008820	0.013583	0.036834	0.009250	0.012300	0.066966
60.500000	0.007590	0.011190	0.404350	0.008570	0.011811	-0.001278	0.007330	0.010679	0.397317	0.008320	0.011695	-0.053843	0.007980	0.012289	0.294584	0.009200	0.012233	0.080924
61.500000	0.006560	0.009671	0.779871	0.008600	0.011853	-0.010277	0.006130	0.008931	0.857624	0.008240	0.011583	-0.028962	0.006830	0.010518	0.695300	0.009200	0.012233	0.080924
62.500000	0.005200	0.007666	1.377973	0.008430	0.011618	0.041137	0.004470	0.006512	1.670494	0.008080	0.011358	0.021531	0.005390	0.008300	1.304907	0.009110	0.012114	0.106240
63.500000	0.003650	0.005381	2.288749	0.008010	0.011039	0.172739	0.002910	0.004240	2.774662	0.007640	0.010739	0.165717	0.003770	0.005806	2.224898	0.008580	0.011409	0.260592
64.500000	0.002270	0.003347	3.509945	0.007220	0.009951	0.440104	0.001570	0.002287	4.359909	0.006790	0.009545	0.469406	0.002260	0.003480	3.540789	0.007630	0.010146	0.562751
65.500000	0.001200	0.001769	5.146054	0.006010	0.008283	0.912345	0.000750	0.001093	6.251702	0.005410	0.007605	1.054294	0.001190	0.001833	5.187294	0.006230	0.008284	1.084638
66.500000	0.000520	0.000767	7.282475	0.004510	0.006216	1.651337	0.000300	0.000437	8.578470	0.003790	0.005328	1.970079	0.000490	0.000755	7.454271	0.004650	0.006183	1.837477
67.500000	0.000170	0.000251	10.096583	0.003090	0.004259	2.623994	0.000100	0.000146	11.297171	0.002300	0.003233	3.254223	0.000160	0.000246	10.270308	0.003090	0.004109	2.888726
68.500000	0.000050	0.000074	13.023629	0.001770	0.002439	4.055568	0.000030	0.000044	14.040290	0.001160	0.001631	5.010586	0.000040	0.000062	13.558071	0.001800	0.002393	4.277000
69.500000	0.000010	0.000015	16.165062	0.000860	0.001185	5.904788	0.000010	0.000015	16.055910	0.000510	0.000717	7.108608	0.000000	0.000000	18.631559	0.000880	0.001170	6.110210
70.500000	0.000000	0.000000	18.499973	0.000350	0.000482	8.190584	0.000000	0.000000	18.372657	0.000190	0.000267	9.594403	0.000000	0.000000	18.631559	0.000330	0.000439	8.601996
71.500000	0.000000	0.000000	18.499973	0.000110	0.000152	11.061984	0.000000	0.000000	18.372657	0.000060	0.000084	12.371203	0.000000	0.000000	18.631559	0.000100	0.000133	11.550332
72.500000	0.000000	0.000000	18.499973	0.000020	0.000028	14.822559	0.000000	0.000000	18.372657	0.000020	0.000028	14.707155	0.000000	0.000000	18.631559	0.000020	0.000027	15.062610
73.500000	0.000000	0.000000	18.499973	0.000000	0.000000	18.233578	0.000000	0.000000	18.372657	0.000000	0.000000	18.155599	0.000000	0.000000	18.631559	0.000000	0.000000	18.406215
74.500000	0.000000	0.000000	18.499973	0.000000	0.000000	18.233578	0.000000	0.000000	18.372657	0.000000	0.000000	18.155599	0.000000	0.000000	18.631559	0.000000	0.000000	18.406215
75.500000	0.000000	0.000000	18.499973	0.000000	0.000000	18.233578	0.000000	0.000000	18.372657	0.000000	0.000000	18.155599	0.000000	0.000000	18.631559	0.000000	0.000000	18.406215
