x	y1_raw	y1_norm	PMF_y1	y2_raw	y2_norm	PMF_y2	y3_raw	y3_norm	PMF_y3	y4_raw	y4_norm	PMF_y4	y5_raw	y5_norm	PMF_y5	y6_raw	y6_norm	PMF_y6
0.500000	0.000020	0.000021	11.957919	0.000030	0.000031	11.509365	0.000010	0.000010	13.772079	0.000010	0.000012	13.992556	0.000010	0.000010	13.857444	0.000020	0.000022	12.542551
1.500000	0.000060	0.000064	9.740176	0.000070	0.000072	9.714973	0.000020	0.000019	12.748781	0.000040	0.000046	11.522044	0.000050	0.000048	11.054291	0.000050	0.000056	10.707954
2.500000	0.000190	0.000204	7.018029	0.000230	0.000236	6.878211	0.000100	0.000095	9.432015	0.000140	0.000162	8.643577	0.000190	0.000184	7.961239	0.000150	0.000168	8.150398
3.500000	0.000610	0.000655	4.096065	0.000640	0.000656	4.308663	0.000380	0.000361	6.178626	0.000420	0.000485	5.914142	0.000670	0.000648	4.810185	0.000470	0.000527	5.307145
4.500000	0.001790	0.001921	1.347222	0.001810	0.001855	1.654360	0.001360	0.001293	2.942847	0.001250	0.001444	3.137980	0.002030	0.001964	1.979530	0.001380	0.001549	2.562893
5.500000	0.004470	0.004796	-1.003474	0.004630	0.004746	-0.757926	0.003850	0.003661	0.273719	0.003320	0.003835	0.631457	0.005060	0.004897	-0.366605	0.003550	0.003984	0.137784
6.500000	0.009930	0.010655	-3.057684	0.010460	0.010722	-2.855440	0.009280	0.008824	-1.989683	0.007660	0.008848	-1.519520	0.011250	0.010887	-2.423012	0.008170	0.009169	-2.006833
7.500000	0.019400	0.020817	-4.782582	0.020410	0.020922	-4.577134	0.019100	0.018162	-3.848576	0.015380	0.017765	-3.314609	0.021900	0.021193	-4.138676	0.016500	0.018518	-3.817005
8.500000	0.033890	0.036365	-6.219814	0.035410	0.036298	-5.996648	0.034180	0.032501	-5.347839	0.027570	0.031844	-4.818259	0.037530	0.036318	-5.526464	0.029510	0.033119	-5.314777
9.500000	0.053040	0.056914	-7.374016	0.054510	0.055877	-7.108237	0.054270	0.051604	-6.539129	0.043650	0.050418	-6.002185	0.057780	0.055915	-6.638343	0.046840	0.052568	-6.505242
10.500000	0.074460	0.079899	-8.248160	0.075780	0.077680	-7.957213	0.077160	0.073370	-7.445972	0.062010	0.071624	-6.906918	0.080130	0.077543	-7.481024	0.066530	0.074666	-7.409525
11.500000	0.093820	0.100673	-8.843758	0.095030	0.097413	-8.540548	0.098550	0.093709	-8.076527	0.078500	0.090671	-7.514586	0.099600	0.096385	-8.041561	0.084740	0.095103	-8.032999
12.500000	0.105890	0.113624	-9.155646	0.108410	0.111128	-8.880023	0.113280	0.107715	-8.435511	0.089640	0.103538	-7.856572	0.112130	0.108510	-8.346938	0.096590	0.108403	-8.370307
13.500000	0.108500	0.116425	-9.218397	0.110780	0.113558	-8.935755	0.116650	0.110920	-8.511059	0.091650	0.105860	-7.913720	0.113570	0.109904	-8.379823	0.098680	0.110748	-8.425475
14.500000	0.099170	0.106414	-8.986677	0.101010	0.103543	-8.697820	0.106730	0.101487	-8.282018	0.083930	0.096943	-7.686952	0.103530	0.100188	-8.141292	0.089890	0.100883	-8.185044
15.500000	0.080850	0.086755	-8.460336	0.081790	0.083841	-8.153893	0.087520	0.083221	-7.770639	0.068060	0.078612	-7.146821	0.084350	0.081627	-7.613288	0.072200	0.081030	-7.620291
16.500000	0.058340	0.062601	-7.619445	0.058700	0.060172	-7.299071	0.063910	0.060771	-6.960460	0.048800	0.056366	-6.289574	0.061100	0.059128	-6.782312	0.051300	0.057574	-6.739616
17.500000	0.037750	0.040507	-6.497747	0.037210	0.038143	-6.124406	0.041810	0.039756	-5.867015	0.031300	0.036153	-5.145201	0.039460	0.038186	-5.655675	0.032150	0.036082	-5.535548
18.500000	0.022040	0.023650	-5.111266	0.021340	0.021875	-4.691922	0.024990	0.023762	-4.540998	0.018230	0.021056	-3.752532	0.023240	0.022490	-4.291669	0.018270	0.020504	-4.079501
19.500000	0.012070	0.012952	-3.560256	0.011310	0.011594	-3.056624	0.014320	0.013617	-3.106695	0.009970	0.011516	-2.198152	0.012690	0.012280	-2.733175	0.009640	0.010819	-2.432831
20.500000	0.006350	0.006814	-1.906703	0.005950	0.006099	-1.403209	0.008340	0.007930	-1.714756	0.005680	0.006561	-0.749753	0.006820	0.006600	-1.134567	0.005240	0.005881	-0.863683
21.500000	0.003590	0.003852	-0.439741	0.003590	0.003680	-0.103808	0.005520	0.005249	-0.652783	0.003670	0.004239	0.373778	0.004050	0.003919	0.205929	0.003300	0.003704	0.325505
22.500000	0.002530	0.002715	0.459360	0.002950	0.003024	0.400730	0.004570	0.004346	-0.167034	0.003150	0.003638	0.766566	0.003110	0.003010	0.884608	0.002670	0.002997	0.869862
23.500000	0.002290	0.002457	0.715246	0.002830	0.002901	0.507403	0.004510	0.004288	-0.133050	0.003290	0.003800	0.654791	0.003090	0.002990	0.901180	0.002580	0.002896	0.957938
24.500000	0.002360	0.002532	0.637953	0.002900	0.002973	0.444642	0.004740	0.004507	-0.260956	0.003530	0.004077	0.473779	0.003430	0.003319	0.632986	0.002850	0.003199	0.702257
25.500000	0.002510	0.002693	0.479740	0.003050	0.003126	0.315090	0.004960	0.004716	-0.377633	0.003840	0.004435	0.257342	0.003800	0.003677	0.369715	0.003130	0.003513	0.461443
26.500000	0.002710	0.002908	0.282850	0.003130	0.003208	0.248569	0.005200	0.004945	-0.499168	0.004000	0.004620	0.152362	0.004020	0.003890	0.225042	0.003420	0.003838	0.233691
27.500000	0.002790	0.002994	0.208121	0.003210	0.003290	0.183722	0.005300	0.005040	-0.548164	0.004200	0.004851	0.026878	0.004070	0.003939	0.193265	0.003510	0.003939	0.166915
28.500000	0.002850	0.003058	0.153462	0.003220	0.003301	0.175729	0.005300	0.005040	-0.548164	0.004310	0.004978	-0.039619	0.004190	0.004055	0.118560	0.003520	0.003950	0.159602
29.500000	0.002850	0.003058	0.153462	0.003260	0.003342	0.144005	0.005090	0.004840	-0.444175	0.004310	0.004978	-0.039619	0.004160	0.004026	0.137034	0.003510	0.003939	0.166915
30.500000	0.002770	0.002972	0.226601	0.003300	0.003383	0.112667	0.004940	0.004697	-0.367242	0.004240	0.004897	0.002498	0.004080	0.003948	0.186956	0.003450	0.003872	0.211240
31.500000	0.002730	0.002929	0.263963	0.003290	0.003372	0.120466	0.004880	0.004640	-0.335814	0.004200	0.004851	0.026878	0.004050	0.003919	0.205929	0.003400	0.003816	0.248768
32.500000	0.002660	0.002854	0.330680	0.003270	0.003352	0.136135	0.004870	0.004631	-0.330538	0.004080	0.004713	0.101433	0.004000	0.003871	0.237864	0.003410	0.003827	0.241219
33.500000	0.002630	0.002822	0.359810	0.003290	0.003372	0.120466	0.004830	0.004593	-0.309328	0.003970	0.004586	0.171723	0.003990	0.003861	0.244299	0.003470	0.003894	0.196380
34.500000	0.002670	0.002865	0.321043	0.003270	0.003352	0.136135	0.004710	0.004479	-0.244628	0.003950	0.004562	0.184711	0.004050	0.003919	0.205929	0.003530	0.003962	0.152308
35.500000	0.002710	0.002908	0.282850	0.003280	0.003362	0.128289	0.004640	0.004412	-0.206123	0.003920	0.004528	0.204318	0.004140	0.004006	0.149424	0.003560	0.003995	0.130552
36.500000	0.002730	0.002929	0.263963	0.003320	0.003403	0.097140	0.004600	0.004374	-0.183859	0.003920	0.004528	0.204318	0.004220	0.004084	0.100218	0.003620	0.004063	0.087582
37.500000	0.002770	0.002972	0.226601	0.003420	0.003506	0.020876	0.004560	0.004336	-0.161401	0.003870	0.004470	0.237330	0.004220	0.004084	0.100218	0.003700	0.004152	0.031381
38.500000	0.002770	0.002972	0.226601	0.003490	0.003578	-0.031197	0.004590	0.004365	-0.178263	0.003880	0.004482	0.230694	0.004210	0.004074	0.106317	0.003690	0.004141	0.038340
39.500000	0.002840	0.003047	0.162492	0.003520	0.003608	-0.053196	0.004520	0.004298	-0.138745	0.003920	0.004528	0.204318	0.004270	0.004132	0.069934	0.003740	0.004197	0.003734
40.500000	0.002910	0.003123	0.099939	0.003460	0.003547	-0.009009	0.004420	0.004203	-0.081219	0.003910	0.004516	0.210886	0.004350	0.004210	0.022207	0.003740	0.004197	0.003734
41.500000	0.002930	0.003144	0.082342	0.003470	0.003557	-0.016426	0.004350	0.004136	-0.040174	0.003990	0.004609	0.158800	0.004400	0.004258	-0.007179	0.003690	0.004141	0.038340
42.500000	0.003010	0.003230	0.013132	0.003470	0.003557	-0.016426	0.004310	0.004098	-0.016422	0.004110	0.004747	0.082591	0.004390	0.004248	-0.001328	0.003680	0.004130	0.045317
43.500000	0.003020	0.003241	0.004609	0.003490	0.003578	-0.031197	0.004240	0.004032	0.025677	0.004180	0.004828	0.039155	0.004360	0.004219	0.016303	0.003710	0.004164	0.024442
44.500000	0.003100	0.003326	-0.062571	0.003470	0.003557	-0.016426	0.004220	0.004013	0.037833	0.004300	0.004967	-0.033644	0.004450	0.004306	-0.036234	0.003690	0.004141	0.038340
45.500000	0.003070	0.003294	-0.037583	0.003440	0.003526	0.005891	0.004200	0.003994	0.050047	0.004360	0.005036	-0.069288	0.004460	0.004316	-0.042006	0.003700	0.004152	0.031381
46.500000	0.003060	0.003284	-0.029200	0.003400	0.003485	0.035949	0.004260	0.004051	0.013579	0.004390	0.005071	-0.086926	0.004450	0.004306	-0.036234	0.003740	0.004197	0.003734
47.500000	0.003030	0.003251	-0.003885	0.003420	0.003506	0.020876	0.004260	0.004051	0.013579	0.004430	0.005117	-0.110257	0.004370	0.004229	0.010413	0.003790	0.004254	-0.030413
48.500000	0.003060	0.003284	-0.029200	0.003440	0.003526	0.005891	0.004270	0.004060	0.007551	0.004430	0.005117	-0.110257	0.004320	0.004181	0.040001	0.003840	0.004310	-0.064114
49.500000	0.003070	0.003294	-0.037583	0.003420	0.003506	0.020876	0.004300	0.004089	-0.010450	0.004380	0.005059	-0.081060	0.004330	0.004190	0.034056	0.003880	0.004355	-0.090761
50.500000	0.003010	0.003230	0.013132	0.003390	0.003475	0.043519	0.004310	0.004098	-0.016422	0.004320	0.004990	-0.045580	0.004290	0.004152	0.057919	0.003990	0.004478	-0.162650
51.500000	0.003060	0.003284	-0.029200	0.003380	0.003465	0.051111	0.004280	0.004070	0.001536	0.004290	0.004955	-0.027656	0.004290	0.004152	0.057919	0.004090	0.004590	-0.226309
52.500000	0.003070	0.003294	-0.037583	0.003380	0.003465	0.051111	0.004240	0.004032	0.025677	0.004290	0.004955	-0.027656	0.004250	0.004113	0.082004	0.004130	0.004635	-0.251338
53.500000	0.003070	0.003294	-0.037583	0.003390	0.003475	0.043519	0.004200	0.003994	0.050047	0.004280	0.004944	-0.021653	0.004240	0.004103	0.088061	0.004080	0.004579	-0.220013
54.500000	0.003030	0.003251	-0.003885	0.003330	0.003413	0.089411	0.004150	0.003946	0.080836	0.004290	0.004955	-0.027656	0.004140	0.004006	0.149424	0.004050	0.004545	-0.201034
55.500000	0.002860	0.003069	0.144464	0.003280	0.003362	0.128289	0.004010	0.003813	0.169055	0.004290	0.004955	-0.027656	0.004030	0.003900	0.218656	0.004020	0.004512	-0.181914
56.500000	0.002620	0.002811	0.369594	0.003230	0.003311	0.167762	0.003810	0.003623	0.300563	0.004320	0.004990	-0.045580	0.003840	0.003716	0.342799	0.004020	0.004512	-0.181914
57.500000	0.002250	0.002414	0.760477	0.003130	0.003208	0.248569	0.003450	0.003281	0.555637	0.004380	0.005059	-0.081060	0.003480	0.003368	0.595798	0.003970	0.004456	-0.149728
58.500000	0.001790	0.001921	1.347222	0.003120	0.003198	0.256791	0.002960	0.002815	0.949150	0.004340	0.005013	-0.057461	0.002990	0.002893	0.985682	0.003880	0.004355	-0.090761
59.500000	0.001250	0.001341	2.266912	0.003020	0.003096	0.340485	0.002250	0.002139	1.653131	0.004250	0.004909	-0.003561	0.002300	0.002226	1.659222	0.003870	0.004343	-0.084125
60.500000	0.000730	0.000783	3.639595	0.002850	0.002921	0.489315	0.001520	0.001445	2.658263	0.004170	0.004817	0.045316	0.001610	0.001558	2.573559	0.003780	0.004242	-0.023620
61.500000	0.000350	0.000376	5.499194	0.002540	0.002604	0.785036	0.000880	0.000837	4.054045	0.003860	0.004458	0.243984	0.000960	0.000929	3.895083	0.003500	0.003928	0.174250
62.500000	0.000130	0.000139	7.941076	0.002110	0.002163	1.261062	0.000420	0.000399	5.927296	0.003400	0.003927	0.570246	0.000500	0.000484	5.551218	0.003110	0.003490	0.477917
63.500000	0.000040	0.000043	10.617523	0.001590	0.001630	1.986454	0.000150	0.000143	8.470070	0.002750	0.003176	1.115546	0.000220	0.000213	7.601585	0.002560	0.002873	0.977926
64.500000	0.000010	0.000011	13.033034	0.001050	0.001076	3.047835	0.000050	0.000048	10.984213	0.002000	0.002310	1.933278	0.000080	0.000077	10.014025	0.001890	0.002121	1.756802
65.500000	0.000000	0.000000	14.911959	0.000620	0.000636	4.389243	0.000010	0.000010	13.772079	0.001290	0.001490	3.057347	0.000020	0.000019	12.826556	0.001230	0.001380	2.857450
66.500000	0.000000	0.000000	14.911959	0.000330	0.000338	5.979733	0.000000	0.000000	15.494462	0.000720	0.000832	4.546746	0.000000	0.000000	15.601978	0.000750	0.000842	4.120614
67.500000	0.000000	0.000000	14.911959	0.000150	0.000154	7.924548	0.000000	0.000000	15.494462	0.000360	0.000416	6.302780	0.000000	0.000000	15.601978	0.000410	0.000460	5.652139
68.500000	0.000000	0.000000	14.911959	0.000050	0.000051	10.459064	0.000000	0.000000	15.494462	0.000150	0.000173	8.475785	0.000000	0.000000	15.601978	0.000190	0.000213	7.571749
69.500000	0.000000	0.000000	14.911959	0.000020	0.000021	12.256111	0.000000	0.000000	15.494462	0.000060	0.000069	10.634606	0.000000	0.000000	15.601978	0.000080	0.000090	9.647090
70.500000	0.000000	0.000000	14.911959	0.000000	0.000000	15.130334	0.000000	0.000000	15.494462	0.000020	0.000023	12.886457	0.000000	0.000000	15.601978	0.000030	0.000034	11.776924
71.500000	0.000000	0.000000	14.911959	0.000000	0.000000	15.130334	0.000000	0.000000	15.494462	0.000000	0.000000	15.971463	0.000000	0.000000	15.601978	0.000010	0.000011	13.636609
72.500000	0.000000	0.000000	14.911959	0.000000	0.000000	15.130334	0.000000	0.000000	15.494462	0.000000	0.000000	15.971463	0.000000	0.000000	15.601978	0.000000	0.000000	15.576055
73.500000	0.000000	0.000000	14.911959	0.000000	0.000000	15.130334	0.000000	0.000000	15.494462	0.000000	0.000000	15.971463	0.000000	0.000000	15.601978	0.000000	0.000000	15.576055
74.500000	0.000000	0.000000	14.911959	0.000000	0.000000	15.130334	0.000000	0.000000	15.494462	0.000000	0.000000	15.971463	0.000000	0.000000	15.601978	0.000000	0.000000	15.576055
